#doc source topic proportion ...
0 ..\data\texts\earlier\001-96440.txt 5 0.2819620370864868 15 0.23259493708610535 1 0.17183543741703033 3 0.1338607668876648 13 0.12594936788082123 0 0.030379746109247208 7 0.02056962065398693 11 0.0018987341318279505 19 9.493670659139752E-4 18 0.0 17 0.0 16 0.0 14 0.0 12 0.0 10 0.0 9 0.0 8 0.0 6 0.0 4 0.0 2 0.0  
1 ..\data\texts\earlier\001-96442.txt 15 0.6892655491828918 0 0.2225988656282425 17 0.04067796468734741 3 0.04067796468734741 1 0.006779660936444998 19 0.0 18 0.0 16 0.0 14 0.0 13 0.0 12 0.0 11 0.0 10 0.0 9 0.0 8 0.0 7 0.0 6 0.0 5 0.0 4 0.0 2 0.0  
2 ..\data\texts\earlier\001-96444.txt 15 0.4890109896659851 11 0.18498168885707855 1 0.15293040871620178 3 0.14652015268802643 0 0.014652014710009098 13 0.009157509543001652 10 0.002747252816334367 19 0.0 18 0.0 17 0.0 16 0.0 14 0.0 12 0.0 9 0.0 8 0.0 7 0.0 6 0.0 5 0.0 4 0.0 2 0.0  
3 ..\data\texts\earlier\001-96446.txt 3 0.3925604820251465 1 0.21885156631469727 15 0.1845431625843048 13 0.1112314909696579 17 0.07150595635175705 5 0.01914048381149769 18 0.0010834236163645983 2 0.0010834236163645983 19 0.0 16 0.0 14 0.0 12 0.0 11 0.0 10 0.0 9 0.0 8 0.0 7 0.0 6 0.0 4 0.0 0 0.0  
4 ..\data\texts\earlier\001-96449.txt 5 0.3202846944332123 1 0.2861210107803345 15 0.23985764384269714 3 0.07259786128997803 12 0.027758007869124413 4 0.027758007869124413 13 0.0199288260191679 16 0.0028469751123338938 7 0.0021352313924580812 17 7.117437780834734E-4 19 0.0 18 0.0 14 0.0 11 0.0 10 0.0 9 0.0 8 0.0 6 0.0 2 0.0 0 0.0  
5 ..\data\texts\earlier\001-96451.txt 5 0.25952595472335815 3 0.25682568550109863 15 0.18601860105991364 1 0.18211820721626282 4 0.050105009227991104 13 0.04470447078347206 7 0.02040204033255577 0 3.0002999119460583E-4 19 0.0 18 0.0 17 0.0 16 0.0 14 0.0 12 0.0 11 0.0 10 0.0 9 0.0 8 0.0 6 0.0 2 0.0  
6 ..\data\texts\earlier\001-96453.txt 17 0.45379284024238586 1 0.22641509771347046 15 0.16499806940555573 3 0.08259530365467072 13 0.05005775764584541 0 0.01752021536231041 9 0.0023103582207113504 16 0.002117828233167529 7 1.9252984202466905E-4 19 0.0 18 0.0 14 0.0 12 0.0 11 0.0 10 0.0 8 0.0 6 0.0 5 0.0 4 0.0 2 0.0  
7 ..\data\texts\earlier\001-96455.txt 17 0.4927788972854614 1 0.22111554443836212 15 0.19272908568382263 13 0.06150398403406143 3 0.018177291378378868 7 0.009462151676416397 8 0.0042330678552389145 19 0.0 18 0.0 16 0.0 14 0.0 12 0.0 11 0.0 10 0.0 9 0.0 6 0.0 5 0.0 4 0.0 2 0.0 0 0.0  
8 ..\data\texts\earlier\001-96511.txt 15 0.4038929343223572 11 0.19673271477222443 3 0.15815085172653198 1 0.10948905348777771 0 0.08759123831987381 13 0.022592978551983833 17 0.014598540030419827 19 0.003475842997431755 14 0.0031282585114240646 18 3.4758428228087723E-4 16 0.0 12 0.0 10 0.0 9 0.0 8 0.0 7 0.0 6 0.0 5 0.0 4 0.0 2 0.0  
9 ..\data\texts\earlier\001-96513.txt 15 0.5312988758087158 11 0.2136150300502777 1 0.12050078064203262 0 0.07511737197637558 3 0.04694835841655731 13 0.010954616591334343 14 0.0015649452107027173 19 0.0 18 0.0 17 0.0 16 0.0 12 0.0 10 0.0 9 0.0 8 0.0 7 0.0 6 0.0 5 0.0 4 0.0 2 0.0  
10 ..\data\texts\earlier\001-96547.txt 7 0.4603298008441925 1 0.27473554015159607 13 0.1154324859380722 15 0.09271935373544693 3 0.02971375174820423 17 0.014623521827161312 10 0.012134412303566933 9 3.111387777607888E-4 19 0.0 18 0.0 16 0.0 14 0.0 12 0.0 11 0.0 8 0.0 6 0.0 5 0.0 4 0.0 2 0.0 0 0.0  
11 ..\data\texts\earlier\001-96549.txt 12 0.5375251173973083 1 0.22277680039405823 13 0.10560593754053116 15 0.08320652693510056 3 0.015399598516523838 7 0.012904011644423008 5 0.011077972128987312 9 0.004017286468297243 19 0.0026173230726271868 11 0.002191247185692191 14 0.0017651712987571955 17 8.521516574546695E-4 16 6.086797657189891E-5 18 0.0 10 0.0 8 0.0 6 0.0 4 0.0 2 0.0 0 0.0  
12 ..\data\texts\earlier\001-96559.txt 7 0.5588350892066956 1 0.19992129504680634 15 0.11609602719545364 14 0.03305784985423088 0 0.029515938833355904 16 0.019283747300505638 3 0.014954742044210434 13 0.009838646277785301 19 0.00826446246355772 17 0.00511609623208642 10 0.00511609623208642 18 0.0 12 0.0 11 0.0 9 0.0 8 0.0 6 0.0 5 0.0 4 0.0 2 0.0  
13 ..\data\texts\earlier\001-96561.txt 16 0.4122706353664398 15 0.3996559679508209 1 0.1152522936463356 11 0.06995412707328796 3 0.0017201835289597511 17 5.733944708481431E-4 2 5.733944708481431E-4 19 0.0 18 0.0 14 0.0 13 0.0 12 0.0 10 0.0 9 0.0 8 0.0 7 0.0 6 0.0 5 0.0 4 0.0 0 0.0  
14 ..\data\texts\earlier\001-96565.txt 16 0.4584178626537323 15 0.4516565203666687 1 0.08722109347581863 18 0.0013522650115191936 3 6.761325057595968E-4 0 6.761325057595968E-4 19 0.0 17 0.0 14 0.0 13 0.0 12 0.0 11 0.0 10 0.0 9 0.0 8 0.0 7 0.0 6 0.0 5 0.0 4 0.0 2 0.0  
15 ..\data\texts\earlier\001-96567.txt 15 0.6395348906517029 16 0.24418604373931885 0 0.09948320686817169 1 0.014211886562407017 3 0.002583979396149516 19 0.0 18 0.0 17 0.0 14 0.0 13 0.0 12 0.0 11 0.0 10 0.0 9 0.0 8 0.0 7 0.0 6 0.0 5 0.0 4 0.0 2 0.0  
16 ..\data\texts\earlier\001-96577.txt 3 0.41129785776138306 1 0.24229691922664642 15 0.1409897357225418 0 0.0784313753247261 8 0.07749766856431961 19 0.028944911435246468 13 0.01353874895721674 16 0.005602241028100252 10 9.33706818614155E-4 18 4.668534093070775E-4 17 0.0 14 0.0 12 0.0 11 0.0 9 0.0 7 0.0 6 0.0 5 0.0 4 0.0 2 0.0  
17 ..\data\texts\earlier\001-96579.txt 15 0.3669871687889099 17 0.27029913663864136 1 0.14529915153980255 3 0.08493589609861374 0 0.06463675200939178 13 0.0625 7 0.005341880489140749 19 0.0 18 0.0 16 0.0 14 0.0 12 0.0 11 0.0 10 0.0 9 0.0 8 0.0 6 0.0 5 0.0 4 0.0 2 0.0  
18 ..\data\texts\earlier\001-96581.txt 15 0.5475504398345947 0 0.3506244122982025 11 0.03650336340069771 17 0.03170028701424599 1 0.01729106716811657 16 0.012487992644309998 19 0.0019212295301258564 18 0.0019212295301258564 14 0.0 13 0.0 12 0.0 10 0.0 9 0.0 8 0.0 7 0.0 6 0.0 5 0.0 4 0.0 3 0.0 2 0.0  
19 ..\data\texts\earlier\001-96583.txt 11 0.31053605675697327 15 0.2495379000902176 1 0.18977202475070953 3 0.14356130361557007 13 0.06038200855255127 0 0.04436229169368744 4 0.0018484288593754172 19 0.0 18 0.0 17 0.0 16 0.0 14 0.0 12 0.0 10 0.0 9 0.0 8 0.0 7 0.0 6 0.0 5 0.0 2 0.0  
20 ..\data\texts\earlier\001-96585.txt 6 0.3923175036907196 13 0.3493296504020691 1 0.16822728514671326 15 0.06831240653991699 18 0.005533092189580202 7 0.004575441591441631 19 0.0040434133261442184 3 0.0032985741272568703 10 0.002447329228743911 14 0.0013832730473950505 16 4.256224783603102E-4 4 1.0640561959007755E-4 17 0.0 12 0.0 11 0.0 9 0.0 8 0.0 5 0.0 2 0.0 0 0.0  
21 ..\data\texts\earlier\001-96587.txt 9 0.4462072253227234 15 0.21616262197494507 1 0.17203767597675323 13 0.056519582867622375 7 0.04908279702067375 3 0.03817550837993622 17 0.013386216945946217 12 0.004462072160094976 16 0.001983143389225006 19 9.91571694612503E-4 0 9.91571694612503E-4 18 0.0 14 0.0 11 0.0 10 0.0 8 0.0 6 0.0 5 0.0 4 0.0 2 0.0  
22 ..\data\texts\earlier\001-96589.txt 15 0.4840887188911438 0 0.18997107446193695 17 0.1764705926179886 3 0.11282546073198318 1 0.03567984700202942 18 9.643201483413577E-4 19 0.0 16 0.0 14 0.0 13 0.0 12 0.0 11 0.0 10 0.0 9 0.0 8 0.0 7 0.0 6 0.0 5 0.0 4 0.0 2 0.0  
23 ..\data\texts\earlier\001-96591.txt 15 0.5313315987586975 2 0.22258485853672028 16 0.1436031311750412 1 0.10052219033241272 0 0.0013054830487817526 3 6.527415243908763E-4 19 0.0 18 0.0 17 0.0 14 0.0 13 0.0 12 0.0 11 0.0 10 0.0 9 0.0 8 0.0 7 0.0 6 0.0 5 0.0 4 0.0  
24 ..\data\texts\earlier\001-96597.txt 16 0.6465538740158081 15 0.23781873285770416 1 0.09618782997131348 3 0.010603383183479309 0 0.007321383338421583 13 0.0015147690428420901 19 0.0 18 0.0 17 0.0 14 0.0 12 0.0 11 0.0 10 0.0 9 0.0 8 0.0 7 0.0 6 0.0 5 0.0 4 0.0 2 0.0  
25 ..\data\texts\earlier\001-96599.txt 16 0.5656037926673889 15 0.3518034517765045 1 0.07736539095640182 0 0.0031364348251372576 8 0.0010454782750457525 19 5.227391375228763E-4 17 5.227391375228763E-4 18 0.0 14 0.0 13 0.0 12 0.0 11 0.0 10 0.0 9 0.0 7 0.0 6 0.0 5 0.0 4 0.0 3 0.0 2 0.0  
26 ..\data\texts\earlier\001-96603.txt 15 0.5831642746925354 0 0.2565923035144806 1 0.11460446566343307 8 0.016227180138230324 16 0.014198782853782177 13 0.008113590069115162 3 0.0070993914268910885 19 0.0 18 0.0 17 0.0 14 0.0 12 0.0 11 0.0 10 0.0 9 0.0 7 0.0 6 0.0 5 0.0 4 0.0 2 0.0  
27 ..\data\texts\earlier\001-96610.txt 3 0.32844576239585876 15 0.32184749841690063 11 0.15469208359718323 16 0.082844577729702 1 0.07404691725969315 6 0.021994134411215782 13 0.013929618522524834 2 0.002199413487687707 19 0.0 18 0.0 17 0.0 14 0.0 12 0.0 10 0.0 9 0.0 8 0.0 7 0.0 5 0.0 4 0.0 0 0.0  
28 ..\data\texts\earlier\001-96612.txt 15 0.5176211595535278 16 0.41850221157073975 1 0.06277532875537872 3 0.0011013215407729149 19 0.0 18 0.0 17 0.0 14 0.0 13 0.0 12 0.0 11 0.0 10 0.0 9 0.0 8 0.0 7 0.0 6 0.0 5 0.0 4 0.0 2 0.0 0 0.0  
29 ..\data\texts\earlier\001-96614.txt 16 0.4352881610393524 15 0.41253790259361267 1 0.13549038767814636 13 0.011627906933426857 2 0.005055611953139305 19 0.0 18 0.0 17 0.0 14 0.0 12 0.0 11 0.0 10 0.0 9 0.0 8 0.0 7 0.0 6 0.0 5 0.0 4 0.0 3 0.0 0 0.0  
30 ..\data\texts\earlier\001-96616.txt 0 0.6763824820518494 15 0.19095614552497864 1 0.12258240580558777 16 0.005175701342523098 5 0.0027240533381700516 3 0.0021792426705360413 19 0.0 18 0.0 17 0.0 14 0.0 13 0.0 12 0.0 11 0.0 10 0.0 9 0.0 8 0.0 7 0.0 6 0.0 4 0.0 2 0.0  
31 ..\data\texts\earlier\001-96626.txt 5 0.32910722494125366 15 0.2820919156074524 1 0.15372425317764282 19 0.12361331284046173 13 0.06497623026371002 4 0.02218700386583805 14 0.014791336841881275 18 0.008452191948890686 3 5.282619968056679E-4 0 5.282619968056679E-4 17 0.0 16 0.0 12 0.0 11 0.0 10 0.0 9 0.0 8 0.0 7 0.0 6 0.0 2 0.0  
32 ..\data\texts\earlier\001-96671.txt 3 0.42105263471603394 1 0.2084377557039261 15 0.19298245012760162 13 0.08563074469566345 16 0.0555555559694767 0 0.020885547623038292 9 0.01253132801502943 18 0.0016708438051864505 19 0.0012531328247860074 17 0.0 14 0.0 12 0.0 11 0.0 10 0.0 8 0.0 7 0.0 6 0.0 5 0.0 4 0.0 2 0.0  
33 ..\data\texts\earlier\001-96673.txt 15 0.38080868124961853 1 0.22389860451221466 19 0.1913096010684967 0 0.15872058272361755 18 0.019915509968996048 13 0.01931200921535492 8 0.005431502591818571 3 6.035002879798412E-4 17 0.0 16 0.0 14 0.0 12 0.0 11 0.0 10 0.0 9 0.0 7 0.0 6 0.0 5 0.0 4 0.0 2 0.0  
34 ..\data\texts\earlier\001-96675.txt 15 0.5428329110145569 0 0.268871933221817 1 0.07888040691614151 16 0.07039864361286163 3 0.02883799746632576 7 0.00932994019240141 19 8.481764234602451E-4 18 0.0 17 0.0 14 0.0 13 0.0 12 0.0 11 0.0 10 0.0 9 0.0 8 0.0 6 0.0 5 0.0 4 0.0 2 0.0  
35 ..\data\texts\earlier\001-96682.txt 2 0.45887961983680725 15 0.36789828538894653 1 0.10488677024841309 0 0.03019467554986477 8 0.022248709574341774 13 0.01589193567633629 19 0.0 18 0.0 17 0.0 16 0.0 14 0.0 12 0.0 11 0.0 10 0.0 9 0.0 7 0.0 6 0.0 5 0.0 4 0.0 3 0.0  
36 ..\data\texts\earlier\001-96687.txt 4 0.23503202199935913 15 0.18657755851745605 1 0.1826789230108261 5 0.16067947447299957 3 0.10303536802530289 13 0.0827067643404007 0 0.020885547623038292 7 0.020607072860002518 6 0.006683375220745802 19 0.0011138959089294076 18 0.0 17 0.0 16 0.0 14 0.0 12 0.0 11 0.0 10 0.0 9 0.0 8 0.0 2 0.0  
37 ..\data\texts\earlier\001-96693.txt 13 0.2788065969944 9 0.2644032835960388 1 0.16203702986240387 15 0.13425925374031067 3 0.08950617164373398 4 0.05452674999833107 18 0.006172839552164078 5 0.005144033115357161 16 0.004629629664123058 7 5.144032766111195E-4 19 0.0 17 0.0 14 0.0 12 0.0 11 0.0 10 0.0 8 0.0 6 0.0 2 0.0 0 0.0  
38 ..\data\texts\earlier\001-96699.txt 7 0.4927314519882202 15 0.20734506845474243 1 0.17061974108219147 3 0.05126243457198143 10 0.03175210580229759 14 0.014154552482068539 5 0.012241775169968605 13 0.009181330911815166 17 0.005738331936299801 0 0.004973221104592085 19 0.0 18 0.0 16 0.0 12 0.0 11 0.0 9 0.0 8 0.0 6 0.0 4 0.0 2 0.0  
39 ..\data\texts\earlier\001-96701.txt 3 0.3540723919868469 15 0.23604826629161835 1 0.21003016829490662 7 0.14291101694107056 13 0.03733031824231148 2 0.009049774147570133 5 0.004524887073785067 0 0.003016591304913163 12 0.0018853695364668965 11 0.0011312217684462667 19 0.0 18 0.0 17 0.0 16 0.0 14 0.0 10 0.0 9 0.0 8 0.0 6 0.0 4 0.0  
40 ..\data\texts\earlier\001-96703.txt 1 0.2578142285346985 3 0.23076923191547394 15 0.19153180718421936 10 0.16936378180980682 7 0.05275991931557655 4 0.040345821529626846 13 0.03879405930638313 17 0.008645533584058285 19 0.006428729742765427 11 0.002216803375631571 0 0.0013300820719450712 18 0.0 16 0.0 14 0.0 12 0.0 9 0.0 8 0.0 6 0.0 5 0.0 2 0.0  
41 ..\data\texts\earlier\001-96705.txt 4 0.33136093616485596 15 0.24448628723621368 1 0.23345884680747986 3 0.12963959574699402 13 0.03630984574556351 8 0.02232383005321026 0 0.0018827326130121946 12 5.379235954023898E-4 19 0.0 18 0.0 17 0.0 16 0.0 14 0.0 11 0.0 10 0.0 9 0.0 7 0.0 6 0.0 5 0.0 2 0.0  
42 ..\data\texts\earlier\001-96737.txt 15 0.5097635984420776 0 0.28468653559684753 1 0.07194244861602783 16 0.07091469317674637 17 0.035971224308013916 2 0.020554983988404274 11 0.006166495382785797 19 0.0 18 0.0 14 0.0 13 0.0 12 0.0 10 0.0 9 0.0 8 0.0 7 0.0 6 0.0 5 0.0 4 0.0 3 0.0  
43 ..\data\texts\earlier\001-96739.txt 11 0.41981467604637146 15 0.3292943835258484 1 0.13684961199760437 8 0.04704205319285393 17 0.022808268666267395 13 0.021382750943303108 3 0.011404134333133698 7 0.005702067166566849 16 0.0028510335832834244 2 0.0028510335832834244 19 0.0 18 0.0 14 0.0 12 0.0 10 0.0 9 0.0 6 0.0 5 0.0 4 0.0 0 0.0  
44 ..\data\texts\earlier\001-96741.txt 15 0.3529810309410095 2 0.21002709865570068 0 0.20596206188201904 1 0.12466124445199966 11 0.04945799335837364 13 0.033197831362485886 16 0.012195121496915817 17 0.00542005430907011 14 0.004065040498971939 19 0.0020325202494859695 18 0.0 12 0.0 10 0.0 9 0.0 8 0.0 7 0.0 6 0.0 5 0.0 4 0.0 3 0.0  
45 ..\data\texts\earlier\001-96743.txt 15 0.5371530652046204 0 0.2175469994544983 3 0.136974036693573 1 0.06445837020874023 16 0.043867502361536026 19 0.0 18 0.0 17 0.0 14 0.0 13 0.0 12 0.0 11 0.0 10 0.0 9 0.0 8 0.0 7 0.0 6 0.0 5 0.0 4 0.0 2 0.0  
46 ..\data\texts\earlier\001-96745.txt 15 0.371921181678772 0 0.2321428507566452 1 0.16379310190677643 19 0.15270936489105225 11 0.059729065746068954 3 0.013546798378229141 13 0.006157635245472193 18 0.0 17 0.0 16 0.0 14 0.0 12 0.0 10 0.0 9 0.0 8 0.0 7 0.0 6 0.0 5 0.0 4 0.0 2 0.0  
47 ..\data\texts\earlier\001-96773.txt 10 0.3980434238910675 15 0.24915927648544312 1 0.21063895523548126 13 0.03699174523353577 5 0.03332314267754555 7 0.023845918476581573 9 0.018343014642596245 14 0.015591561794281006 3 0.014062977395951748 19 0.0 18 0.0 17 0.0 16 0.0 12 0.0 11 0.0 8 0.0 6 0.0 4 0.0 2 0.0 0 0.0  
48 ..\data\texts\earlier\001-96780.txt 15 0.8580441474914551 0 0.07413249462842941 16 0.02681387960910797 1 0.015772869810461998 14 0.014195583760738373 9 0.009463722817599773 2 0.0015772870974615216 19 0.0 18 0.0 17 0.0 13 0.0 12 0.0 11 0.0 10 0.0 8 0.0 7 0.0 6 0.0 5 0.0 4 0.0 3 0.0  
49 ..\data\texts\earlier\001-96795.txt 15 0.8443465232849121 3 0.06461086869239807 0 0.05433186516165733 1 0.036710720509290695 19 0.0 18 0.0 17 0.0 16 0.0 14 0.0 13 0.0 12 0.0 11 0.0 10 0.0 9 0.0 8 0.0 7 0.0 6 0.0 5 0.0 4 0.0 2 0.0  
50 ..\data\texts\earlier\001-96805.txt 15 0.8154093027114868 0 0.10593900829553604 1 0.05778491124510765 19 0.01765650138258934 13 0.0032102728728204966 18 0.0 17 0.0 16 0.0 14 0.0 12 0.0 11 0.0 10 0.0 9 0.0 8 0.0 7 0.0 6 0.0 5 0.0 4 0.0 3 0.0 2 0.0  
51 ..\data\texts\earlier\001-96807.txt 15 0.7573964595794678 2 0.11637081205844879 0 0.055226825177669525 9 0.049309663474559784 3 0.00788954645395279 1 0.00788954645395279 16 0.005917159840464592 19 0.0 18 0.0 17 0.0 14 0.0 13 0.0 12 0.0 11 0.0 10 0.0 8 0.0 7 0.0 6 0.0 5 0.0 4 0.0  
52 ..\data\texts\earlier\001-96863.txt 15 0.5584045648574829 16 0.18138651549816132 2 0.16239316761493683 1 0.09116809070110321 13 0.0028490028344094753 11 0.001899335184134543 8 0.001899335184134543 19 0.0 18 0.0 17 0.0 14 0.0 12 0.0 10 0.0 9 0.0 7 0.0 6 0.0 5 0.0 4 0.0 3 0.0 0 0.0  
53 ..\data\texts\earlier\001-96865.txt 15 0.6494845151901245 0 0.16323024034500122 2 0.07903780043125153 3 0.04810996726155281 5 0.04639175161719322 1 0.013745704665780067 19 0.0 18 0.0 17 0.0 16 0.0 14 0.0 13 0.0 12 0.0 11 0.0 10 0.0 9 0.0 8 0.0 7 0.0 6 0.0 4 0.0  
54 ..\data\texts\earlier\001-96867.txt 15 0.4053367078304291 2 0.3799237608909607 1 0.15501905977725983 8 0.03684879466891289 19 0.013977128081023693 3 0.008894536644220352 18 0.0 17 0.0 16 0.0 14 0.0 13 0.0 12 0.0 11 0.0 10 0.0 9 0.0 7 0.0 6 0.0 5 0.0 4 0.0 0 0.0  
55 ..\data\texts\earlier\001-96869.txt 15 0.678670346736908 0 0.12603877484798431 2 0.10387811809778214 5 0.07202216237783432 3 0.015235456638038158 9 0.0041551245376467705 19 0.0 18 0.0 17 0.0 16 0.0 14 0.0 13 0.0 12 0.0 11 0.0 10 0.0 8 0.0 7 0.0 6 0.0 4 0.0 1 0.0  
56 ..\data\texts\earlier\001-96873.txt 15 0.4663507044315338 19 0.2672985792160034 1 0.10710900276899338 16 0.06635071337223053 11 0.0398104265332222 3 0.01611374318599701 13 0.011374407447874546 18 0.010426539927721024 8 0.007582938298583031 2 0.0037914691492915154 6 0.0018957345746457577 9 9.478672873228788E-4 0 9.478672873228788E-4 17 0.0 14 0.0 12 0.0 10 0.0 7 0.0 5 0.0 4 0.0  
57 ..\data\texts\earlier\001-96888.txt 0 0.4375 15 0.43070653080940247 1 0.07472825795412064 16 0.039402175694704056 3 0.006793478038161993 13 0.005434782709926367 11 0.005434782709926367 19 0.0 18 0.0 17 0.0 14 0.0 12 0.0 10 0.0 9 0.0 8 0.0 7 0.0 6 0.0 5 0.0 4 0.0 2 0.0  
58 ..\data\texts\earlier\001-96892.txt 0 0.552666962146759 15 0.2523531913757324 1 0.10981622338294983 9 0.03361721336841583 3 0.02510085143148899 17 0.017032720148563385 13 0.009412819519639015 19 0.0 18 0.0 16 0.0 14 0.0 12 0.0 11 0.0 10 0.0 8 0.0 7 0.0 6 0.0 5 0.0 4 0.0 2 0.0  
59 ..\data\texts\earlier\001-96921.txt 15 0.7586206793785095 1 0.12732096016407013 0 0.029177719727158546 3 0.02122015878558159 5 0.018567638471722603 8 0.015915120020508766 16 0.007957560010254383 11 0.007957560010254383 2 0.007957560010254383 19 0.005305039696395397 18 0.0 17 0.0 14 0.0 13 0.0 12 0.0 10 0.0 9 0.0 7 0.0 6 0.0 4 0.0  
60 ..\data\texts\earlier\001-96925.txt 6 0.45958054065704346 1 0.2911830544471741 3 0.18122582137584686 15 0.043779272586107254 4 0.017104459926486015 7 0.00386886578053236 8 0.002036245074123144 5 0.001018122537061572 16 2.036245132330805E-4 19 0.0 18 0.0 17 0.0 14 0.0 13 0.0 12 0.0 11 0.0 10 0.0 9 0.0 2 0.0 0 0.0  
61 ..\data\texts\earlier\001-96947.txt 15 0.620396614074707 2 0.09773371368646622 10 0.08356940746307373 1 0.07648725062608719 3 0.056657224893569946 13 0.03257790207862854 0 0.03257790207862854 19 0.0 18 0.0 17 0.0 16 0.0 14 0.0 12 0.0 11 0.0 9 0.0 8 0.0 7 0.0 6 0.0 5 0.0 4 0.0  
62 ..\data\texts\earlier\001-96949.txt 15 0.484375 2 0.3779296875 13 0.056640625 1 0.0390625 3 0.0205078125 18 0.015625 5 0.0029296875 0 0.001953125 6 9.765625E-4 19 0.0 17 0.0 16 0.0 14 0.0 12 0.0 11 0.0 10 0.0 9 0.0 8 0.0 7 0.0 4 0.0  
63 ..\data\texts\earlier\001-96951.txt 15 0.7603748440742493 0 0.0910307914018631 16 0.08835341036319733 1 0.04149933159351349 2 0.018741633743047714 19 0.0 18 0.0 17 0.0 14 0.0 13 0.0 12 0.0 11 0.0 10 0.0 9 0.0 8 0.0 7 0.0 6 0.0 5 0.0 4 0.0 3 0.0  
64 ..\data\texts\earlier\001-96953.txt 15 0.37462982535362244 2 0.2270483672618866 1 0.14412635564804077 5 0.12388943880796432 0 0.07946693152189255 14 0.03553800657391548 3 0.013326751999557018 13 0.0019743337761610746 19 0.0 18 0.0 17 0.0 16 0.0 12 0.0 11 0.0 10 0.0 9 0.0 8 0.0 7 0.0 6 0.0 4 0.0  
65 ..\data\texts\earlier\001-96964.txt 11 0.4738079309463501 1 0.2222968488931656 15 0.18770986795425415 13 0.059100065380334854 2 0.0349227674305439 16 0.011752854101359844 3 0.005708529148250818 19 0.004701141733676195 18 0.0 17 0.0 14 0.0 12 0.0 10 0.0 9 0.0 8 0.0 7 0.0 6 0.0 5 0.0 4 0.0 0 0.0  
66 ..\data\texts\earlier\001-96994.txt 15 0.5754475593566895 8 0.16879795491695404 1 0.13299232721328735 16 0.08695652335882187 17 0.012787723913788795 13 0.012787723913788795 0 0.005115089472383261 4 0.0025575447361916304 3 0.0025575447361916304 19 0.0 18 0.0 14 0.0 12 0.0 11 0.0 10 0.0 9 0.0 7 0.0 6 0.0 5 0.0 2 0.0  
67 ..\data\texts\earlier\001-96996.txt 15 0.6135371327400208 0 0.2871178984642029 1 0.09061135351657867 13 0.0032751092221587896 14 0.0021834061481058598 3 0.0021834061481058598 5 0.0010917030740529299 19 0.0 18 0.0 17 0.0 16 0.0 12 0.0 11 0.0 10 0.0 9 0.0 8 0.0 7 0.0 6 0.0 4 0.0 2 0.0  
68 ..\data\texts\earlier\001-96998.txt 19 0.553233802318573 15 0.35671642422676086 1 0.06865671277046204 0 0.020398009568452835 8 9.950249223038554E-4 18 0.0 17 0.0 16 0.0 14 0.0 13 0.0 12 0.0 11 0.0 10 0.0 9 0.0 7 0.0 6 0.0 5 0.0 4 0.0 3 0.0 2 0.0  
69 ..\data\texts\earlier\001-97000.txt 19 0.5447028279304504 15 0.3452196419239044 1 0.09147287160158157 0 0.01860465109348297 18 0.0 17 0.0 16 0.0 14 0.0 13 0.0 12 0.0 11 0.0 10 0.0 9 0.0 8 0.0 7 0.0 6 0.0 5 0.0 4 0.0 3 0.0 2 0.0  
70 ..\data\texts\earlier\001-97002.txt 15 0.5170575976371765 0 0.2014925330877304 19 0.11833688616752625 1 0.084221750497818 2 0.06076759099960327 16 0.015991471707820892 8 0.0010660981060937047 3 0.0010660981060937047 18 0.0 17 0.0 14 0.0 13 0.0 12 0.0 11 0.0 10 0.0 9 0.0 7 0.0 6 0.0 5 0.0 4 0.0  
71 ..\data\texts\earlier\001-97004.txt 15 0.5273793935775757 0 0.30834418535232544 1 0.10299869626760483 3 0.04041720926761627 19 0.009126466698944569 4 0.00651890505105257 16 0.0019556714687496424 13 0.0019556714687496424 7 0.001303780940361321 18 0.0 17 0.0 14 0.0 12 0.0 11 0.0 10 0.0 9 0.0 8 0.0 6 0.0 5 0.0 2 0.0  
72 ..\data\texts\earlier\001-97031.txt 15 0.3762654662132263 18 0.2924634516239166 1 0.11811023950576782 17 0.08436445146799088 13 0.08211473375558853 3 0.044994376599788666 2 0.0016872890992090106 19 0.0 16 0.0 14 0.0 12 0.0 11 0.0 10 0.0 9 0.0 8 0.0 7 0.0 6 0.0 5 0.0 4 0.0 0 0.0  
73 ..\data\texts\earlier\001-97049.txt 15 0.2815820574760437 9 0.27685949206352234 13 0.16410861909389496 1 0.16410861909389496 18 0.07024793326854706 6 0.01711924374103546 14 0.008854781277477741 16 0.00826446246355772 0 0.005312868859618902 3 0.0023612750228494406 11 5.903187557123601E-4 5 5.903187557123601E-4 19 0.0 17 0.0 12 0.0 10 0.0 8 0.0 7 0.0 4 0.0 2 0.0  
74 ..\data\texts\earlier\001-97051.txt 17 0.3437213599681854 15 0.23739688098430634 1 0.14940421283245087 3 0.14482127130031586 0 0.07607699185609818 13 0.04857928678393364 19 0.0 18 0.0 16 0.0 14 0.0 12 0.0 11 0.0 10 0.0 9 0.0 8 0.0 7 0.0 6 0.0 5 0.0 4 0.0 2 0.0  
75 ..\data\texts\earlier\001-97054.txt 8 0.7807877063751221 1 0.11527377367019653 15 0.10374639928340912 3 1.9212295592296869E-4 19 0.0 18 0.0 17 0.0 16 0.0 14 0.0 13 0.0 12 0.0 11 0.0 10 0.0 9 0.0 7 0.0 6 0.0 5 0.0 4 0.0 2 0.0 0 0.0  
76 ..\data\texts\earlier\001-97058.txt 15 0.7230420112609863 0 0.21225880086421967 17 0.04994324594736099 1 0.011350737884640694 2 0.002270147670060396 4 0.001135073835030198 19 0.0 18 0.0 16 0.0 14 0.0 13 0.0 12 0.0 11 0.0 10 0.0 9 0.0 8 0.0 7 0.0 6 0.0 5 0.0 3 0.0  
77 ..\data\texts\earlier\001-97060.txt 9 0.3015133738517761 15 0.29103609919548035 1 0.1856810301542282 0 0.1158323660492897 17 0.057625144720077515 13 0.036088474094867706 3 0.009313154965639114 16 0.0029103609267622232 19 0.0 18 0.0 14 0.0 12 0.0 11 0.0 10 0.0 8 0.0 7 0.0 6 0.0 5 0.0 4 0.0 2 0.0  
78 ..\data\texts\earlier\001-97062.txt 15 0.4663865566253662 0 0.3613445460796356 3 0.0941176488995552 1 0.03613445535302162 5 0.021008403971791267 17 0.010084033943712711 14 0.006722689140588045 13 0.004201680887490511 19 0.0 18 0.0 16 0.0 12 0.0 11 0.0 10 0.0 9 0.0 8 0.0 7 0.0 6 0.0 4 0.0 2 0.0  
79 ..\data\texts\earlier\001-97064.txt 8 0.7923303842544556 1 0.12586037814617157 15 0.079449363052845 13 0.001376597792841494 17 3.9331367588602006E-4 0 3.9331367588602006E-4 5 1.9665683794301003E-4 19 0.0 18 0.0 16 0.0 14 0.0 12 0.0 11 0.0 10 0.0 9 0.0 7 0.0 6 0.0 4 0.0 3 0.0 2 0.0  
80 ..\data\texts\earlier\001-97079.txt 0 0.2537045478820801 3 0.25011226534843445 15 0.2110462486743927 1 0.17961382865905762 17 0.06780421733856201 13 0.024247867986559868 9 0.00898069143295288 10 0.00449034571647644 19 0.0 18 0.0 16 0.0 14 0.0 12 0.0 11 0.0 8 0.0 7 0.0 6 0.0 5 0.0 4 0.0 2 0.0  
81 ..\data\texts\earlier\001-97087.txt 14 0.4478124976158142 1 0.22499999403953552 15 0.18125000596046448 13 0.12125000357627869 18 0.021250000223517418 8 0.0024999999441206455 6 6.249999860301614E-4 2 3.124999930150807E-4 19 0.0 17 0.0 16 0.0 12 0.0 11 0.0 10 0.0 9 0.0 7 0.0 5 0.0 4 0.0 3 0.0 0 0.0  
82 ..\data\texts\earlier\001-97108.txt 15 0.6591760516166687 0 0.16104869544506073 1 0.09612983465194702 16 0.05992509424686432 3 0.02122347056865692 17 0.0012484394246712327 13 0.0012484394246712327 19 0.0 18 0.0 14 0.0 12 0.0 11 0.0 10 0.0 9 0.0 8 0.0 7 0.0 6 0.0 5 0.0 4 0.0 2 0.0  
83 ..\data\texts\earlier\001-97110.txt 15 0.7132261991500854 10 0.12360939383506775 1 0.05809641629457474 3 0.0543881319463253 0 0.04697157070040703 9 0.0024721878580749035 7 0.0012360939290374517 19 0.0 18 0.0 17 0.0 16 0.0 14 0.0 13 0.0 12 0.0 11 0.0 8 0.0 6 0.0 5 0.0 4 0.0 2 0.0  
84 ..\data\texts\earlier\001-97114.txt 15 0.5513196587562561 0 0.1163245365023613 3 0.09677419066429138 1 0.08211144059896469 16 0.0674486830830574 13 0.045943304896354675 5 0.03616813197731972 12 0.0019550342112779617 11 0.0019550342112779617 19 0.0 18 0.0 17 0.0 14 0.0 10 0.0 9 0.0 8 0.0 7 0.0 6 0.0 4 0.0 2 0.0  
85 ..\data\texts\earlier\001-97116.txt 0 0.5987427830696106 15 0.17862755060195923 3 0.08486118167638779 1 0.08067050576210022 16 0.05238344520330429 8 0.0020953379571437836 7 0.0015715033514425159 17 0.0010476689785718918 19 0.0 18 0.0 14 0.0 13 0.0 12 0.0 11 0.0 10 0.0 9 0.0 6 0.0 5 0.0 4 0.0 2 0.0  
86 ..\data\texts\earlier\001-97149.txt 15 0.31932058930397034 11 0.282802551984787 1 0.24628449976444244 0 0.1014861986041069 6 0.024203822016716003 3 0.020806794986128807 9 0.004670912865549326 13 4.2462843703106046E-4 19 0.0 18 0.0 17 0.0 16 0.0 14 0.0 12 0.0 10 0.0 8 0.0 7 0.0 5 0.0 4 0.0 2 0.0  
87 ..\data\texts\earlier\001-97151.txt 15 0.4843868911266327 0 0.3274942934513092 1 0.10662604868412018 3 0.08073115348815918 19 7.616146467626095E-4 18 0.0 17 0.0 16 0.0 14 0.0 13 0.0 12 0.0 11 0.0 10 0.0 9 0.0 8 0.0 7 0.0 6 0.0 5 0.0 4 0.0 2 0.0  
88 ..\data\texts\earlier\001-97153.txt 15 0.5382488369941711 16 0.25806450843811035 2 0.11889401078224182 1 0.06912442296743393 0 0.015668202191591263 19 0.0 18 0.0 17 0.0 14 0.0 13 0.0 12 0.0 11 0.0 10 0.0 9 0.0 8 0.0 7 0.0 6 0.0 5 0.0 4 0.0 3 0.0  
89 ..\data\texts\earlier\001-97155.txt 15 0.2532808482646942 10 0.24759404361248016 3 0.1819772571325302 1 0.17541557550430298 0 0.07392825931310654 13 0.0398075245320797 7 0.015748031437397003 2 0.008311460725963116 19 0.0030621171463280916 12 4.3744532740674913E-4 5 4.3744532740674913E-4 18 0.0 17 0.0 16 0.0 14 0.0 11 0.0 9 0.0 8 0.0 6 0.0 4 0.0  
90 ..\data\texts\earlier\001-97201.txt 15 0.7512019276618958 11 0.14543269574642181 0 0.06730769574642181 1 0.03125 13 0.0024038462433964014 16 0.0012019231216982007 3 0.0012019231216982007 19 0.0 18 0.0 17 0.0 14 0.0 12 0.0 10 0.0 9 0.0 8 0.0 7 0.0 6 0.0 5 0.0 4 0.0 2 0.0  
91 ..\data\texts\earlier\001-97203.txt 15 0.5071823000907898 16 0.2530386745929718 1 0.1779005527496338 3 0.02983425371348858 0 0.02541436441242695 11 0.005524862091988325 7 0.0011049723252654076 19 0.0 18 0.0 17 0.0 14 0.0 13 0.0 12 0.0 10 0.0 9 0.0 8 0.0 6 0.0 5 0.0 4 0.0 2 0.0  
92 ..\data\texts\earlier\001-97213.txt 4 0.6922042965888977 1 0.14842550456523895 15 0.11405529826879501 13 0.025729646906256676 3 0.011904762126505375 5 0.004416282754391432 16 0.0011520737316459417 2 0.0011520737316459417 9 5.760368658229709E-4 11 3.840245772153139E-4 19 0.0 18 0.0 17 0.0 14 0.0 12 0.0 10 0.0 8 0.0 7 0.0 6 0.0 0 0.0  
93 ..\data\texts\earlier\001-97214.txt 14 0.5439633727073669 1 0.2070966362953186 15 0.08100870251655579 3 0.04028118774294853 0 0.036822136491537094 5 0.03559473156929016 13 0.02789555862545967 7 0.022204864770174026 18 0.004686453845351934 8 4.4632895151153207E-4 19 0.0 17 0.0 16 0.0 12 0.0 11 0.0 10 0.0 9 0.0 6 0.0 4 0.0 2 0.0  
94 ..\data\texts\earlier\001-97216.txt 10 0.4449388086795807 15 0.23062662780284882 1 0.15090841054916382 7 0.1268075704574585 13 0.01594364084303379 5 0.011865035630762577 3 0.010381905362010002 14 0.007786429487168789 19 7.415647269226611E-4 18 0.0 17 0.0 16 0.0 12 0.0 11 0.0 9 0.0 8 0.0 6 0.0 4 0.0 2 0.0 0 0.0  
95 ..\data\texts\earlier\001-97218.txt 9 0.41163700819015503 15 0.2683456242084503 1 0.16109421849250793 5 0.05688232555985451 13 0.048632219433784485 2 0.0351715162396431 7 0.013460703194141388 3 0.004342162515968084 0 4.3421622831374407E-4 19 0.0 18 0.0 17 0.0 16 0.0 14 0.0 12 0.0 11 0.0 10 0.0 8 0.0 6 0.0 4 0.0  
96 ..\data\texts\earlier\001-97219.txt 3 0.36606547236442566 1 0.26987308263778687 15 0.22578489780426025 10 0.06813627481460571 0 0.036740146577358246 13 0.025384102016687393 8 0.004008016083389521 2 0.004008016083389521 19 0.0 18 0.0 17 0.0 16 0.0 14 0.0 12 0.0 11 0.0 9 0.0 7 0.0 6 0.0 5 0.0 4 0.0  
97 ..\data\texts\earlier\001-97222.txt 16 0.49986350536346436 1 0.17553918063640594 15 0.167349174618721 13 0.06279006600379944 8 0.04149604216217995 18 0.024570023640990257 19 0.00846300832927227 2 0.008190007880330086 11 0.007371007464826107 0 0.0032760032918304205 6 8.190008229576051E-4 7 2.730002743192017E-4 17 0.0 14 0.0 12 0.0 10 0.0 9 0.0 5 0.0 4 0.0 3 0.0  
98 ..\data\texts\earlier\001-97224.txt 18 0.5392953753471375 15 0.2574525773525238 1 0.15266485512256622 13 0.044263776391744614 2 0.0036133695393800735 7 0.002258355962112546 16 4.516711924225092E-4 19 0.0 17 0.0 14 0.0 12 0.0 11 0.0 10 0.0 9 0.0 8 0.0 6 0.0 5 0.0 4 0.0 3 0.0 0 0.0  
99 ..\data\texts\earlier\001-97228.txt 8 0.7753735184669495 15 0.12545080482959747 1 0.09917568415403366 19 0.0 18 0.0 17 0.0 16 0.0 14 0.0 13 0.0 12 0.0 11 0.0 10 0.0 9 0.0 7 0.0 6 0.0 5 0.0 4 0.0 3 0.0 2 0.0 0 0.0  
100 ..\data\texts\earlier\001-97230.txt 15 0.37112799286842346 0 0.2004675567150116 16 0.18819403648376465 1 0.15429572761058807 11 0.07071887701749802 3 0.007597895804792643 9 0.005844535306096077 13 0.0017533606151118875 19 0.0 18 0.0 17 0.0 14 0.0 12 0.0 10 0.0 8 0.0 7 0.0 6 0.0 5 0.0 4 0.0 2 0.0  
101 ..\data\texts\earlier\001-97232.txt 15 0.5834767818450928 2 0.18588639795780182 16 0.1368330419063568 1 0.09036144614219666 9 0.001721170381642878 11 8.60585190821439E-4 3 8.60585190821439E-4 19 0.0 18 0.0 17 0.0 14 0.0 13 0.0 12 0.0 10 0.0 8 0.0 7 0.0 6 0.0 5 0.0 4 0.0 0 0.0  
102 ..\data\texts\earlier\001-97234.txt 15 0.6151515245437622 2 0.3227272629737854 1 0.05000000074505806 16 0.004545454401522875 0 0.004545454401522875 14 0.0015151514671742916 3 0.0015151514671742916 19 0.0 18 0.0 17 0.0 13 0.0 12 0.0 11 0.0 10 0.0 9 0.0 8 0.0 7 0.0 6 0.0 5 0.0 4 0.0  
103 ..\data\texts\earlier\001-97240.txt 15 0.6782496571540833 2 0.2509652376174927 1 0.0617760606110096 0 0.0077220075763762 16 0.001287001301534474 19 0.0 18 0.0 17 0.0 14 0.0 13 0.0 12 0.0 11 0.0 10 0.0 9 0.0 8 0.0 7 0.0 6 0.0 5 0.0 4 0.0 3 0.0  
104 ..\data\texts\earlier\001-97246.txt 15 0.5850340127944946 2 0.2857142984867096 1 0.07993197441101074 3 0.02380952425301075 16 0.015306122601032257 11 0.010204081423580647 19 0.0 18 0.0 17 0.0 14 0.0 13 0.0 12 0.0 10 0.0 9 0.0 8 0.0 7 0.0 6 0.0 5 0.0 4 0.0 0 0.0  
105 ..\data\texts\earlier\001-97248.txt 15 0.6230425238609314 2 0.34563758969306946 1 0.02460850030183792 0 0.003355704713612795 17 0.0011185682378709316 9 0.0011185682378709316 3 0.0011185682378709316 19 0.0 18 0.0 16 0.0 14 0.0 13 0.0 12 0.0 11 0.0 10 0.0 8 0.0 7 0.0 6 0.0 5 0.0 4 0.0  
106 ..\data\texts\earlier\001-97250.txt 5 0.629867434501648 1 0.16093620657920837 15 0.15720795094966888 13 0.019262634217739105 0 0.01739850826561451 3 0.013670257292687893 9 0.0016570008592680097 19 0.0 18 0.0 17 0.0 16 0.0 14 0.0 12 0.0 11 0.0 10 0.0 8 0.0 7 0.0 6 0.0 4 0.0 2 0.0  
107 ..\data\texts\earlier\001-97254.txt 18 0.6549859046936035 15 0.16768579185009003 1 0.1585136353969574 13 0.01857949234545231 3 2.3518344096373767E-4 19 0.0 17 0.0 16 0.0 14 0.0 12 0.0 11 0.0 10 0.0 9 0.0 8 0.0 7 0.0 6 0.0 5 0.0 4 0.0 2 0.0 0 0.0  
108 ..\data\texts\earlier\001-97256.txt 5 0.49967068433761597 15 0.26915478706359863 1 0.18046103417873383 13 0.03117453306913376 7 0.009879253804683685 3 0.006147091276943684 4 0.0019758506678044796 0 0.001536772819235921 19 0.0 18 0.0 17 0.0 16 0.0 14 0.0 12 0.0 11 0.0 10 0.0 9 0.0 8 0.0 6 0.0 2 0.0  
109 ..\data\texts\earlier\001-98541.txt 8 0.6347771883010864 15 0.20878778398036957 1 0.14926768839359283 19 0.0046743531711399555 17 0.0018697413615882397 3 6.232471205294132E-4 18 0.0 16 0.0 14 0.0 13 0.0 12 0.0 11 0.0 10 0.0 9 0.0 7 0.0 6 0.0 5 0.0 4 0.0 2 0.0 0 0.0  
