#doc source topic proportion ...
0 ..\data\texts\latest\001-149201.txt 13 0.365491658449173 19 0.23964130878448486 7 0.13172541558742523 2 0.1314162015914917 18 0.0961657389998436 11 0.0299938153475523 0 0.003401360474526882 4 0.001546073006466031 14 6.184292142279446E-4 17 0.0 16 0.0 15 0.0 12 0.0 10 0.0 9 0.0 8 0.0 6 0.0 5 0.0 3 0.0 1 0.0  
1 ..\data\texts\latest\001-149202.txt 13 0.3315339684486389 14 0.22582095861434937 2 0.22312191128730774 9 0.12910480797290802 7 0.08906882256269455 4 8.996851393021643E-4 10 4.4984256965108216E-4 19 0.0 18 0.0 17 0.0 16 0.0 15 0.0 12 0.0 11 0.0 8 0.0 6 0.0 5 0.0 3 0.0 1 0.0 0 0.0  
2 ..\data\texts\latest\001-149204.txt 10 0.3933539390563965 13 0.3232225775718689 2 0.17658422887325287 7 0.08230293542146683 9 0.008500772528350353 3 0.007341576274484396 8 0.0032843893859535456 11 0.0025115918833762407 5 0.0017387943807989359 15 9.65996936429292E-4 0 1.931993756443262E-4 19 0.0 18 0.0 17 0.0 16 0.0 14 0.0 12 0.0 6 0.0 4 0.0 1 0.0  
3 ..\data\texts\latest\001-149205.txt 13 0.340199738740921 9 0.29338327050209045 2 0.22784020006656647 7 0.07116104662418365 3 0.04806491732597351 18 0.008739076554775238 5 0.008739076554775238 1 0.00187265919521451 19 0.0 17 0.0 16 0.0 15 0.0 14 0.0 12 0.0 11 0.0 10 0.0 8 0.0 6 0.0 4 0.0 0 0.0  
4 ..\data\texts\latest\001-150216.txt 11 0.2854340970516205 14 0.28007322549819946 2 0.22005753219127655 13 0.14042887091636658 7 0.05661610886454582 3 0.013598326593637466 8 0.0031380753498524427 10 6.537656881846488E-4 19 0.0 18 0.0 17 0.0 16 0.0 15 0.0 12 0.0 9 0.0 6 0.0 5 0.0 4 0.0 1 0.0 0 0.0  
5 ..\data\texts\latest\001-150217.txt 3 0.30157753825187683 2 0.24318787455558777 13 0.16205695271492004 7 0.08932595700025558 5 0.08297479897737503 1 0.0680188462138176 8 0.0430239699780941 4 0.00921942200511694 15 4.097521014045924E-4 18 2.048760507022962E-4 19 0.0 17 0.0 16 0.0 14 0.0 12 0.0 11 0.0 10 0.0 9 0.0 6 0.0 0 0.0  
6 ..\data\texts\latest\001-150227.txt 7 0.48525798320770264 18 0.2764127850532532 13 0.06511056423187256 2 0.06511056423187256 17 0.056511055678129196 14 0.023341523483395576 1 0.017199017107486725 4 0.009828009642660618 3 0.0012285012053325772 19 0.0 16 0.0 15 0.0 12 0.0 11 0.0 10 0.0 9 0.0 8 0.0 6 0.0 5 0.0 0 0.0  
7 ..\data\texts\latest\001-150228.txt 10 0.41451433300971985 2 0.2161305695772171 13 0.18063698709011078 3 0.0982411652803421 7 0.055775631219148636 5 0.0134685467928648 1 0.01029947679489851 0 0.006655046716332436 9 0.004278244450688362 19 0.0 18 0.0 17 0.0 16 0.0 15 0.0 14 0.0 12 0.0 11 0.0 8 0.0 6 0.0 4 0.0  
8 ..\data\texts\latest\001-150229.txt 1 0.3162745237350464 2 0.26686275005340576 3 0.1411764770746231 7 0.09882353246212006 13 0.08450980484485626 12 0.035686273127794266 5 0.03215686231851578 6 0.01196078397333622 11 0.006274509709328413 16 0.003921568859368563 0 0.0021568627562373877 8 1.960784284165129E-4 19 0.0 18 0.0 17 0.0 15 0.0 14 0.0 10 0.0 9 0.0 4 0.0  
9 ..\data\texts\latest\001-150230.txt 7 0.683901309967041 2 0.13631021976470947 18 0.0810810774564743 13 0.05170387774705887 19 0.047003526240587234 17 0.0 16 0.0 15 0.0 14 0.0 12 0.0 11 0.0 10 0.0 9 0.0 8 0.0 6 0.0 5 0.0 4 0.0 3 0.0 1 0.0 0 0.0  
10 ..\data\texts\latest\001-150231.txt 16 0.4483596682548523 7 0.41069260239601135 2 0.06682867556810379 13 0.05467800796031952 6 0.009720535017549992 1 0.006075334269553423 14 0.002430133754387498 18 0.001215066877193749 19 0.0 17 0.0 15 0.0 12 0.0 11 0.0 10 0.0 9 0.0 8 0.0 5 0.0 4 0.0 3 0.0 0 0.0  
11 ..\data\texts\latest\001-150232.txt 13 0.48742303252220154 10 0.31715038418769836 2 0.1234828531742096 4 0.03887423127889633 18 0.011785400100052357 0 0.00809146836400032 11 0.007211961317807436 14 0.00404573418200016 12 0.0010554089676588774 7 3.518029989209026E-4 1 3.518029989209026E-4 5 1.759014994604513E-4 19 0.0 17 0.0 16 0.0 15 0.0 9 0.0 8 0.0 6 0.0 3 0.0  
12 ..\data\texts\latest\001-150234.txt 4 0.3699629604816437 13 0.2979010045528412 2 0.20731844007968903 7 0.055561792105436325 8 0.018857335671782494 1 0.01391850970685482 10 0.012234819121658802 6 0.010663374327123165 11 0.00830620713531971 3 0.0025816590059548616 0 0.00168369070161134 5 6.734762573614717E-4 18 3.367381286807358E-4 19 0.0 17 0.0 16 0.0 15 0.0 14 0.0 12 0.0 9 0.0  
13 ..\data\texts\latest\001-150237.txt 7 0.40489640831947327 17 0.3888888955116272 2 0.15160074830055237 5 0.02919020690023899 13 0.020715631544589996 15 0.0028248587623238564 8 0.0018832391360774636 19 0.0 18 0.0 16 0.0 14 0.0 12 0.0 11 0.0 10 0.0 9 0.0 6 0.0 4 0.0 3 0.0 1 0.0 0 0.0  
14 ..\data\texts\latest\001-150239.txt 16 0.32751354575157166 7 0.3178808093070984 13 0.1986754983663559 2 0.13064418733119965 18 0.02468392625451088 3 6.020469591021538E-4 19 0.0 17 0.0 15 0.0 14 0.0 12 0.0 11 0.0 10 0.0 9 0.0 8 0.0 6 0.0 5 0.0 4 0.0 1 0.0 0 0.0  
15 ..\data\texts\latest\001-150240.txt 7 0.3631739616394043 5 0.35503560304641724 2 0.14649033546447754 13 0.1302136331796646 11 0.0020345880184322596 9 0.0020345880184322596 12 0.0010172940092161298 19 0.0 18 0.0 17 0.0 16 0.0 15 0.0 14 0.0 10 0.0 8 0.0 6 0.0 4 0.0 3 0.0 1 0.0 0 0.0  
16 ..\data\texts\latest\001-150298.txt 15 0.4542405903339386 13 0.24283917248249054 2 0.16375575959682465 5 0.05295515060424805 3 0.04471147060394287 7 0.03353360295295715 11 0.005030040629208088 10 0.002934190211817622 19 0.0 18 0.0 17 0.0 16 0.0 14 0.0 12 0.0 9 0.0 8 0.0 6 0.0 4 0.0 1 0.0 0 0.0  
17 ..\data\texts\latest\001-150299.txt 14 0.48766639828681946 2 0.21378229558467865 13 0.1801096349954605 7 0.1057165265083313 3 0.006851996760815382 5 0.0029365699738264084 10 0.001957713393494487 19 9.788566967472434E-4 18 0.0 17 0.0 16 0.0 15 0.0 12 0.0 11 0.0 9 0.0 8 0.0 6 0.0 4 0.0 1 0.0 0 0.0  
18 ..\data\texts\latest\001-150303.txt 18 0.4242253601551056 13 0.25070422887802124 2 0.24281689524650574 3 0.04845070466399193 5 0.019154930487275124 7 0.005633802618831396 15 0.003943662159144878 11 0.003943662159144878 4 5.633803084492683E-4 8 2.8169015422463417E-4 0 2.8169015422463417E-4 19 0.0 17 0.0 16 0.0 14 0.0 12 0.0 10 0.0 9 0.0 6 0.0 1 0.0  
19 ..\data\texts\latest\001-150305.txt 6 0.35908347368240356 2 0.2739771008491516 1 0.10736497491598129 7 0.09459901601076126 13 0.07463175058364868 12 0.06808510422706604 5 0.017675941810011864 16 0.0042553190141916275 18 3.273322363384068E-4 19 0.0 17 0.0 15 0.0 14 0.0 11 0.0 10 0.0 9 0.0 8 0.0 4 0.0 3 0.0 0 0.0  
20 ..\data\texts\latest\001-150306.txt 18 0.3770590126514435 2 0.2238694280385971 13 0.19571727514266968 7 0.10512129217386246 3 0.05855046585202217 5 0.018119197338819504 19 0.01422581635415554 15 0.003893381217494607 1 0.0016471997369080782 12 8.984726155176759E-4 11 7.487271795980632E-4 9 1.4974543591961265E-4 17 0.0 16 0.0 14 0.0 10 0.0 8 0.0 6 0.0 4 0.0 0 0.0  
21 ..\data\texts\latest\001-150309.txt 3 0.3730834722518921 13 0.28381600975990295 2 0.14889267086982727 7 0.10391822457313538 0 0.04054514318704605 5 0.012265757657587528 11 0.00919931847602129 10 0.00919931847602129 9 0.008177172392606735 18 0.003407154930755496 1 0.003407154930755496 14 0.0027257241308689117 17 6.814310327172279E-4 4 6.814310327172279E-4 19 0.0 16 0.0 15 0.0 12 0.0 8 0.0 6 0.0  
22 ..\data\texts\latest\001-150310.txt 2 0.24773575365543365 7 0.21763452887535095 13 0.21576984226703644 3 0.14011721312999725 14 0.06739477813243866 0 0.04608417674899101 1 0.04315396770834923 15 0.01598295196890831 8 0.005327650345861912 5 7.991475868038833E-4 19 0.0 18 0.0 17 0.0 16 0.0 12 0.0 11 0.0 10 0.0 9 0.0 6 0.0 4 0.0  
23 ..\data\texts\latest\001-150311.txt 6 0.6463804244995117 2 0.21061035990715027 7 0.11107168346643448 13 0.022178851068019867 1 0.007806955371052027 5 0.0017743080388754606 18 1.7743080388754606E-4 19 0.0 17 0.0 16 0.0 15 0.0 14 0.0 12 0.0 11 0.0 10 0.0 9 0.0 8 0.0 4 0.0 3 0.0 0 0.0  
24 ..\data\texts\latest\001-150312.txt 8 0.49811556935310364 2 0.22141960263252258 7 0.10144472122192383 5 0.08762563019990921 13 0.05716080218553543 17 0.03046482428908348 12 0.0028266331646591425 15 3.1407034839503467E-4 6 3.1407034839503467E-4 0 3.1407034839503467E-4 19 0.0 18 0.0 16 0.0 14 0.0 11 0.0 10 0.0 9 0.0 4 0.0 3 0.0 1 0.0  
25 ..\data\texts\latest\001-150313.txt 1 0.5237196087837219 2 0.26504603028297424 13 0.06325230002403259 7 0.05829596519470215 5 0.03941468149423599 6 0.03894264996051788 12 0.010856738314032555 8 2.360160433454439E-4 4 2.360160433454439E-4 19 0.0 18 0.0 17 0.0 16 0.0 15 0.0 14 0.0 11 0.0 10 0.0 9 0.0 3 0.0 0 0.0  
26 ..\data\texts\latest\001-150314.txt 5 0.5762250423431396 2 0.19570477306842804 13 0.11675740778446198 7 0.09134906530380249 3 0.00998185109347105 0 0.005747126415371895 10 0.0021173623390495777 6 0.0012099213199689984 1 6.049606599844992E-4 14 3.024803299922496E-4 19 0.0 18 0.0 17 0.0 16 0.0 15 0.0 12 0.0 11 0.0 9 0.0 8 0.0 4 0.0  
27 ..\data\texts\latest\001-150315.txt 1 0.37431395053863525 2 0.22722283005714417 7 0.17124038934707642 5 0.16245883703231812 13 0.059824369847774506 18 0.002744237193837762 4 0.0010976948542520404 10 5.488474271260202E-4 3 5.488474271260202E-4 19 0.0 17 0.0 16 0.0 15 0.0 14 0.0 12 0.0 11 0.0 9 0.0 8 0.0 6 0.0 0 0.0  
28 ..\data\texts\latest\001-150316.txt 1 0.44019606709480286 2 0.24901960790157318 13 0.125490203499794 7 0.08725490421056747 5 0.08284313976764679 8 0.007843137718737125 6 0.0049019609577953815 18 0.0019607844296842813 11 4.901961074210703E-4 19 0.0 17 0.0 16 0.0 15 0.0 14 0.0 12 0.0 10 0.0 9 0.0 4 0.0 3 0.0 0 0.0  
29 ..\data\texts\latest\001-150317.txt 3 0.40777066349983215 2 0.2625424265861511 13 0.19238023459911346 15 0.08562806248664856 7 0.030177291482686996 18 0.01999245584011078 5 0.0011316484306007624 10 3.7721614353358746E-4 19 0.0 17 0.0 16 0.0 14 0.0 12 0.0 11 0.0 9 0.0 8 0.0 6 0.0 4 0.0 1 0.0 0 0.0  
30 ..\data\texts\latest\001-150318.txt 2 0.2606359124183655 3 0.19614867866039276 7 0.17420510947704315 13 0.16659203171730042 14 0.05776981636881828 1 0.051948051899671555 0 0.02686968259513378 5 0.021943572908639908 6 0.01836095005273819 12 0.009852216579020023 16 0.00806090421974659 8 0.007613076362758875 19 0.0 18 0.0 17 0.0 15 0.0 11 0.0 10 0.0 9 0.0 4 0.0  
31 ..\data\texts\latest\001-150319.txt 3 0.29722410440444946 13 0.20108327269554138 2 0.20108327269554138 1 0.12626945972442627 7 0.09241706132888794 9 0.05653351545333862 5 0.019972918555140495 8 0.00406228844076395 19 6.770480540581048E-4 15 6.770480540581048E-4 18 0.0 17 0.0 16 0.0 14 0.0 12 0.0 11 0.0 10 0.0 6 0.0 4 0.0 0 0.0  
32 ..\data\texts\latest\001-150320.txt 5 0.3363323509693146 2 0.20560994744300842 7 0.16459380090236664 13 0.1489812135696411 17 0.10849431157112122 1 0.030695950612425804 15 0.0029108228627592325 14 0.001852341927587986 3 5.292405257932842E-4 19 0.0 18 0.0 16 0.0 12 0.0 11 0.0 10 0.0 9 0.0 8 0.0 6 0.0 4 0.0 0 0.0  
33 ..\data\texts\latest\001-150321.txt 7 0.41937172412872314 9 0.22356021404266357 2 0.16963350772857666 13 0.09214659780263901 5 0.06963350623846054 10 0.010471204295754433 3 0.007329843007028103 1 0.00628272257745266 6 0.001570680644363165 19 0.0 18 0.0 17 0.0 16 0.0 15 0.0 14 0.0 12 0.0 11 0.0 8 0.0 4 0.0 0 0.0  
34 ..\data\texts\latest\001-150323.txt 7 0.6315789222717285 16 0.23219814896583557 5 0.05882352963089943 2 0.0495356023311615 13 0.027863776311278343 19 0.0 18 0.0 17 0.0 15 0.0 14 0.0 12 0.0 11 0.0 10 0.0 9 0.0 8 0.0 6 0.0 4 0.0 3 0.0 1 0.0 0 0.0  
35 ..\data\texts\latest\001-150638.txt 16 0.39845260977745056 7 0.3699226379394531 13 0.14071567356586456 2 0.0855899453163147 18 0.005319148767739534 19 0.0 17 0.0 15 0.0 14 0.0 12 0.0 11 0.0 10 0.0 9 0.0 8 0.0 6 0.0 5 0.0 4 0.0 3 0.0 1 0.0 0 0.0  
36 ..\data\texts\latest\001-150640.txt 12 0.3919001817703247 2 0.22090406715869904 1 0.15749642252922058 13 0.12620167434215546 7 0.07793004810810089 5 0.017795050516724586 3 0.007568009663373232 8 2.0454080367926508E-4 19 0.0 18 0.0 17 0.0 16 0.0 15 0.0 14 0.0 11 0.0 10 0.0 9 0.0 6 0.0 4 0.0 0 0.0  
37 ..\data\texts\latest\001-150643.txt 7 0.2774869203567505 13 0.23472949862480164 19 0.20636998116970062 2 0.20462478697299957 8 0.03883071616292 17 0.03621291369199753 4 0.001308900536969304 5 4.3630017898976803E-4 18 0.0 16 0.0 15 0.0 14 0.0 12 0.0 11 0.0 10 0.0 9 0.0 6 0.0 3 0.0 1 0.0 0 0.0  
38 ..\data\texts\latest\001-150645.txt 7 0.7889181971549988 13 0.09234828501939774 2 0.042216360569000244 11 0.036939315497875214 18 0.0343007929623127 15 0.0026385225355625153 8 0.0026385225355625153 19 0.0 17 0.0 16 0.0 14 0.0 12 0.0 10 0.0 9 0.0 6 0.0 5 0.0 4 0.0 3 0.0 1 0.0 0 0.0  
39 ..\data\texts\latest\001-150648.txt 12 0.5949336886405945 2 0.19069601595401764 13 0.11339962482452393 1 0.04865056648850441 7 0.04486268758773804 8 0.005563446786254644 9 0.001657197019085288 11 1.1837121564894915E-4 6 1.1837121564894915E-4 19 0.0 18 0.0 17 0.0 16 0.0 15 0.0 14 0.0 10 0.0 5 0.0 4 0.0 3 0.0 0 0.0  
40 ..\data\texts\latest\001-150649.txt 2 0.2845836281776428 1 0.21954576671123505 12 0.1596696525812149 13 0.10908465087413788 7 0.0956641435623169 10 0.06882312148809433 5 0.05987611785531044 15 0.0027529250364750624 19 0.0 18 0.0 17 0.0 16 0.0 14 0.0 11 0.0 9 0.0 8 0.0 6 0.0 4 0.0 3 0.0 0 0.0  
41 ..\data\texts\latest\001-150650.txt 1 0.46321922540664673 2 0.2986161708831787 13 0.08922068774700165 7 0.0699198842048645 3 0.06846322119235992 5 0.0050983247347176075 8 0.0025491623673588037 6 0.0018208302790299058 12 7.283321465365589E-4 0 3.6416607326827943E-4 19 0.0 18 0.0 17 0.0 16 0.0 15 0.0 14 0.0 11 0.0 10 0.0 9 0.0 4 0.0  
42 ..\data\texts\latest\001-150651.txt 1 0.4525430500507355 2 0.2755306363105774 8 0.08129755407571793 13 0.08009611815214157 7 0.07569082826375961 5 0.026031237095594406 3 0.008410092443227768 6 4.004805814474821E-4 19 0.0 18 0.0 17 0.0 16 0.0 15 0.0 14 0.0 12 0.0 11 0.0 10 0.0 9 0.0 4 0.0 0 0.0  
43 ..\data\texts\latest\001-150653.txt 1 0.2049180269241333 2 0.20349252223968506 3 0.17569494247436523 13 0.16429080069065094 5 0.1033499613404274 7 0.10263720899820328 8 0.033856023102998734 17 0.008553100749850273 0 0.0017818959895521402 14 7.127583958208561E-4 11 3.5637919791042805E-4 6 3.5637919791042805E-4 19 0.0 18 0.0 16 0.0 15 0.0 12 0.0 10 0.0 9 0.0 4 0.0  
44 ..\data\texts\latest\001-150668.txt 19 0.6255961656570435 7 0.1728934794664383 13 0.13036565482616425 2 0.06756756454706192 3 0.0031796502880752087 5 3.974562860094011E-4 18 0.0 17 0.0 16 0.0 15 0.0 14 0.0 12 0.0 11 0.0 10 0.0 9 0.0 8 0.0 6 0.0 4 0.0 1 0.0 0 0.0  
45 ..\data\texts\latest\001-150669.txt 7 0.6555555462837219 18 0.13055555522441864 2 0.12870369851589203 13 0.05092592537403107 19 0.014814814552664757 17 0.013888888992369175 15 0.0055555556900799274 16 0.0 14 0.0 12 0.0 11 0.0 10 0.0 9 0.0 8 0.0 6 0.0 5 0.0 4 0.0 3 0.0 1 0.0 0 0.0  
46 ..\data\texts\latest\001-150670.txt 2 0.27075010538101196 16 0.24012428522109985 6 0.16999556124210358 1 0.1415889859199524 7 0.10252995789051056 13 0.07501109689474106 19 0.0 18 0.0 17 0.0 15 0.0 14 0.0 12 0.0 11 0.0 10 0.0 9 0.0 8 0.0 5 0.0 4 0.0 3 0.0 0 0.0  
47 ..\data\texts\latest\001-150673.txt 13 0.36167001724243164 10 0.28772637248039246 7 0.18913480639457703 2 0.09507042169570923 15 0.035211268812417984 3 0.017605634406208992 0 0.007042253389954567 9 0.0035211266949772835 5 0.0015090543311089277 18 0.0010060361819341779 16 5.030180909670889E-4 19 0.0 17 0.0 14 0.0 12 0.0 11 0.0 8 0.0 6 0.0 4 0.0 1 0.0  
48 ..\data\texts\latest\001-150675.txt 18 0.28778716921806335 7 0.24586860835552216 13 0.20757758617401123 2 0.15034259855747223 5 0.047561466693878174 11 0.023780733346939087 8 0.010479644872248173 19 0.010076582431793213 1 0.006045949179679155 10 0.005642885807901621 15 0.004836759530007839 17 0.0 16 0.0 14 0.0 12 0.0 9 0.0 6 0.0 4 0.0 3 0.0 0 0.0  
49 ..\data\texts\latest\001-150676.txt 2 0.3205479383468628 16 0.20890410244464874 6 0.14657534658908844 13 0.13082191348075867 15 0.10136986523866653 1 0.07739725708961487 12 0.012328767217695713 0 0.001369863050058484 10 6.84931525029242E-4 19 0.0 18 0.0 17 0.0 14 0.0 11 0.0 9 0.0 8 0.0 7 0.0 5 0.0 4 0.0 3 0.0  
50 ..\data\texts\latest\001-150704.txt 14 0.5786618590354919 13 0.18972273170948029 2 0.18339361250400543 7 0.04581072926521301 11 0.0012055455008521676 3 6.027727504260838E-4 1 4.520795773714781E-4 16 1.5069318760652095E-4 19 0.0 18 0.0 17 0.0 15 0.0 12 0.0 10 0.0 9 0.0 8 0.0 6 0.0 5 0.0 4 0.0 0 0.0  
51 ..\data\texts\latest\001-150713.txt 5 0.27472811937332153 13 0.22993268072605133 4 0.22501294314861298 2 0.17814603447914124 7 0.08570688962936401 3 0.005437597166746855 15 0.0010357327992096543 19 0.0 18 0.0 17 0.0 16 0.0 14 0.0 12 0.0 11 0.0 10 0.0 9 0.0 8 0.0 6 0.0 1 0.0 0 0.0  
52 ..\data\texts\latest\001-150771.txt 17 0.6330154538154602 2 0.15807178616523743 13 0.13712501525878906 7 0.03311947360634804 8 0.017027918249368668 3 0.00742153637111187 0 0.0070053753443062305 19 0.00433500949293375 12 0.0024969654623419046 15 3.8148084422573447E-4 18 0.0 16 0.0 14 0.0 11 0.0 10 0.0 9 0.0 6 0.0 5 0.0 4 0.0 1 0.0  
53 ..\data\texts\latest\001-150772.txt 18 0.5312301516532898 2 0.19902604818344116 13 0.18865127861499786 7 0.056743595749139786 17 0.011645141057670116 10 0.00698708463460207 4 0.004869786091148853 8 6.351894699037075E-4 5 2.1172982815187424E-4 19 0.0 16 0.0 15 0.0 14 0.0 12 0.0 11 0.0 9 0.0 6 0.0 3 0.0 1 0.0 0 0.0  
54 ..\data\texts\latest\001-150773.txt 5 0.557418704032898 2 0.18394309282302856 13 0.12398374080657959 7 0.12195122241973877 1 0.009654471650719643 6 0.0015243901871144772 3 0.0015243901871144772 19 0.0 18 0.0 17 0.0 16 0.0 15 0.0 14 0.0 12 0.0 11 0.0 10 0.0 9 0.0 8 0.0 4 0.0 0 0.0  
55 ..\data\texts\latest\001-150774.txt 7 0.8705440759658813 19 0.056285176426172256 2 0.0469043143093586 13 0.016885552555322647 15 0.0037523452192544937 6 0.0037523452192544937 16 0.0018761726096272469 18 0.0 17 0.0 14 0.0 12 0.0 11 0.0 10 0.0 9 0.0 8 0.0 5 0.0 4 0.0 3 0.0 1 0.0 0 0.0  
56 ..\data\texts\latest\001-150775.txt 7 0.29992228746414185 19 0.28749027848243713 13 0.19891220331192017 18 0.12393162399530411 2 0.08780109137296677 17 0.0011655011912807822 16 7.770007941871881E-4 15 0.0 14 0.0 12 0.0 11 0.0 10 0.0 9 0.0 8 0.0 6 0.0 5 0.0 4 0.0 3 0.0 1 0.0 0 0.0  
57 ..\data\texts\latest\001-150778.txt 13 0.46711838245391846 0 0.252291738986969 2 0.15424472093582153 9 0.04742925614118576 17 0.0430450364947319 5 0.013949780724942684 11 0.011956955306231976 7 0.004782781936228275 4 0.003985651768743992 10 7.971303421072662E-4 19 3.985651710536331E-4 18 0.0 16 0.0 15 0.0 14 0.0 12 0.0 8 0.0 6 0.0 3 0.0 1 0.0  
58 ..\data\texts\latest\001-150781.txt 3 0.2415471374988556 2 0.22822746634483337 13 0.17802253365516663 17 0.17699794471263885 10 0.08990778774023056 5 0.0607069656252861 7 0.013575819320976734 12 0.005891393404453993 1 0.004098360426723957 15 5.122950533404946E-4 16 2.561475266702473E-4 0 2.561475266702473E-4 19 0.0 18 0.0 14 0.0 11 0.0 9 0.0 8 0.0 6 0.0 4 0.0  
59 ..\data\texts\latest\001-150785.txt 13 0.33275464177131653 15 0.20428240299224854 2 0.16435185074806213 10 0.12037037312984467 7 0.0850694477558136 5 0.0590277761220932 1 0.015046296641230583 9 0.011574073694646358 3 0.007523148320615292 19 0.0 18 0.0 17 0.0 16 0.0 14 0.0 12 0.0 11 0.0 8 0.0 6 0.0 4 0.0 0 0.0  
60 ..\data\texts\latest\001-150786.txt 16 0.3739730417728424 7 0.2093328982591629 13 0.18961551785469055 2 0.14656588435173035 15 0.0805126503109932 19 0.0 18 0.0 17 0.0 14 0.0 12 0.0 11 0.0 10 0.0 9 0.0 8 0.0 6 0.0 5 0.0 4 0.0 3 0.0 1 0.0 0 0.0  
61 ..\data\texts\latest\001-150788.txt 14 0.5017673373222351 2 0.23698586225509644 13 0.17528919875621796 7 0.07085475325584412 3 0.008515424095094204 11 0.00417737802490592 0 0.0024100258015096188 19 0.0 18 0.0 17 0.0 16 0.0 15 0.0 12 0.0 10 0.0 9 0.0 8 0.0 6 0.0 5 0.0 4 0.0 1 0.0  
62 ..\data\texts\latest\001-150790.txt 1 0.4524368643760681 2 0.1881972998380661 7 0.16852612793445587 5 0.10393423587083817 13 0.04785672202706337 6 0.022313565015792847 12 0.009101585485041142 4 0.004991191904991865 15 0.0011743981158360839 8 0.0011743981158360839 0 2.9359952895902097E-4 19 0.0 18 0.0 17 0.0 16 0.0 14 0.0 11 0.0 10 0.0 9 0.0 3 0.0  
63 ..\data\texts\latest\001-150791.txt 1 0.37516942620277405 2 0.2846299707889557 13 0.14394144713878632 3 0.09541881084442139 7 0.046896178275346756 5 0.03578205406665802 8 0.01138519961386919 11 0.003252914175391197 18 0.002168609295040369 0 0.0010843046475201845 12 2.7107616188004613E-4 19 0.0 17 0.0 16 0.0 15 0.0 14 0.0 10 0.0 9 0.0 6 0.0 4 0.0  
64 ..\data\texts\latest\001-150792.txt 8 0.4062010645866394 13 0.2424052655696869 2 0.19260883331298828 5 0.0548073910176754 3 0.03758221119642258 7 0.023488881066441536 15 0.021609771996736526 14 0.018164735287427902 10 0.003131850855425 19 0.0 18 0.0 17 0.0 16 0.0 12 0.0 11 0.0 9 0.0 6 0.0 4 0.0 1 0.0 0 0.0  
65 ..\data\texts\latest\001-150794.txt 8 0.3333333432674408 2 0.21107164025306702 5 0.1925695687532425 13 0.1902012974023819 17 0.03182356432080269 3 0.01391355786472559 6 0.011693309992551804 1 0.01110124308615923 7 0.004292480647563934 19 0.0 18 0.0 16 0.0 15 0.0 14 0.0 12 0.0 11 0.0 10 0.0 9 0.0 4 0.0 0 0.0  
66 ..\data\texts\latest\001-150798.txt 18 0.5288949012756348 13 0.24467726051807404 2 0.15410611033439636 10 0.03447110578417778 17 0.03075363300740719 7 0.002703616162762046 0 0.002703616162762046 5 0.001351808081381023 6 3.3795202034525573E-4 19 0.0 16 0.0 15 0.0 14 0.0 12 0.0 11 0.0 9 0.0 8 0.0 4 0.0 3 0.0 1 0.0  
67 ..\data\texts\latest\001-150800.txt 13 0.3514431118965149 11 0.2914544343948364 7 0.2082625925540924 2 0.14374646544456482 10 0.003961516544222832 3 0.001131861936300993 19 0.0 18 0.0 17 0.0 16 0.0 15 0.0 14 0.0 12 0.0 9 0.0 8 0.0 6 0.0 5 0.0 4 0.0 1 0.0 0 0.0  
68 ..\data\texts\latest\001-150997.txt 19 0.6427438259124756 7 0.1613798588514328 13 0.1296589970588684 2 0.06542426347732544 6 7.930214051157236E-4 18 0.0 17 0.0 16 0.0 15 0.0 14 0.0 12 0.0 11 0.0 10 0.0 9 0.0 8 0.0 5 0.0 4 0.0 3 0.0 1 0.0 0 0.0  
69 ..\data\texts\latest\001-150998.txt 13 0.39721500873565674 19 0.32098183035850525 2 0.12202029675245285 7 0.09676658362150192 8 0.024545669555664062 18 0.020533395931124687 10 0.015813075006008148 16 9.440641733817756E-4 17 4.720320866908878E-4 14 4.720320866908878E-4 0 2.360160433454439E-4 15 0.0 12 0.0 11 0.0 9 0.0 6 0.0 5 0.0 4 0.0 3 0.0 1 0.0  
70 ..\data\texts\latest\001-150999.txt 13 0.25328773260116577 11 0.24855339527130127 7 0.19463440775871277 2 0.1622830033302307 14 0.12177801132202148 17 0.00710152555257082 9 0.004997369833290577 19 0.0039452919736504555 12 0.0018411362543702126 5 0.0010520778596401215 18 5.260389298200607E-4 16 0.0 15 0.0 10 0.0 8 0.0 6 0.0 4 0.0 3 0.0 1 0.0 0 0.0  
71 ..\data\texts\latest\001-151000.txt 19 0.6242088675498962 7 0.15862341225147247 13 0.14833860099315643 2 0.05973101407289505 5 0.0075158230029046535 17 7.911392604000866E-4 1 7.911392604000866E-4 18 0.0 16 0.0 15 0.0 14 0.0 12 0.0 11 0.0 10 0.0 9 0.0 8 0.0 6 0.0 4 0.0 3 0.0 0 0.0  
72 ..\data\texts\latest\001-151006.txt 7 0.26118168234825134 13 0.24406404793262482 2 0.1733848750591278 4 0.13859745860099792 10 0.050800662487745285 1 0.03754831477999687 18 0.03644395247101784 12 0.015461071394383907 17 0.01104362215846777 9 0.010491441003978252 11 0.006073992233723402 3 0.006073992233723402 8 0.004969629924744368 5 0.0027609055396169424 6 5.521810962818563E-4 0 5.521810962818563E-4 19 0.0 16 0.0 15 0.0 14 0.0  
73 ..\data\texts\latest\001-151007.txt 10 0.3678516149520874 13 0.27047914266586304 2 0.17928902804851532 7 0.10587326437234879 3 0.04482225701212883 15 0.025502318516373634 12 0.003863987745717168 8 0.0015455950051546097 14 7.727975025773048E-4 19 0.0 18 0.0 17 0.0 16 0.0 11 0.0 9 0.0 6 0.0 5 0.0 4 0.0 1 0.0 0 0.0  
74 ..\data\texts\latest\001-151008.txt 3 0.5293927788734436 2 0.24580103158950806 13 0.10368216782808304 7 0.09463824331760406 9 0.011950904503464699 14 0.008397933095693588 15 0.003552971640601754 8 0.002583979396149516 19 0.0 18 0.0 17 0.0 16 0.0 12 0.0 11 0.0 10 0.0 6 0.0 5 0.0 4 0.0 1 0.0 0 0.0  
75 ..\data\texts\latest\001-151037.txt 6 0.2640761435031891 13 0.2402854859828949 2 0.18636003136634827 3 0.10864393413066864 10 0.09674861282110214 5 0.04758128523826599 7 0.025376684963703156 18 0.022204600274562836 4 0.004758128430694342 15 0.003965107258409262 19 0.0 17 0.0 16 0.0 14 0.0 12 0.0 11 0.0 9 0.0 8 0.0 1 0.0 0 0.0  
76 ..\data\texts\latest\001-151039.txt 15 0.3753267228603363 13 0.1956786960363388 2 0.16623105108737946 3 0.10977522283792496 7 0.05872103199362755 5 0.05872103199362755 16 0.02665969729423523 19 0.00400766683742404 1 0.0027879420667886734 12 0.002090956550091505 18 0.0 17 0.0 14 0.0 11 0.0 10 0.0 9 0.0 8 0.0 6 0.0 4 0.0 0 0.0  
77 ..\data\texts\latest\001-151047.txt 1 0.25356340408325195 7 0.2400600165128708 13 0.1755438894033432 2 0.17179295420646667 0 0.15753938257694244 15 7.501875516027212E-4 5 7.501875516027212E-4 19 0.0 18 0.0 17 0.0 16 0.0 14 0.0 12 0.0 11 0.0 10 0.0 9 0.0 8 0.0 6 0.0 4 0.0 3 0.0  
78 ..\data\texts\latest\001-151051.txt 0 0.5227420926094055 13 0.32933664321899414 2 0.09970024973154068 9 0.02202528342604637 3 0.011338459327816963 4 0.004300795029848814 8 0.003779486520215869 12 0.002736869500949979 7 0.002476215362548828 10 9.122898336499929E-4 11 6.516355788335204E-4 19 0.0 18 0.0 17 0.0 16 0.0 15 0.0 14 0.0 6 0.0 5 0.0 1 0.0  
79 ..\data\texts\latest\001-151056.txt 11 0.43652328848838806 13 0.3125465214252472 2 0.16311950981616974 7 0.044054172933101654 14 0.015924988314509392 4 0.010864712297916412 3 0.006399761885404587 0 0.0061020986177027225 8 0.0034231285098940134 5 5.953267100267112E-4 6 2.976633550133556E-4 1 1.488316775066778E-4 19 0.0 18 0.0 17 0.0 16 0.0 15 0.0 12 0.0 10 0.0 9 0.0  
80 ..\data\texts\latest\001-152247.txt 19 0.6039707660675049 13 0.2734238803386688 2 0.08638105541467667 12 0.0111459419131279 0 0.010449321009218693 3 0.006617903243750334 7 0.005224660504609346 14 0.0017415534239262342 16 6.966213695704937E-4 18 3.4831068478524685E-4 17 0.0 15 0.0 11 0.0 10 0.0 9 0.0 8 0.0 6 0.0 5 0.0 4 0.0 1 0.0  
81 ..\data\texts\latest\001-152252.txt 1 0.4870448112487793 2 0.2727591097354889 7 0.0882352963089943 13 0.07668067514896393 5 0.059873949736356735 17 0.010154061950743198 8 0.004201680887490511 4 7.002801285125315E-4 16 3.5014006425626576E-4 19 0.0 18 0.0 15 0.0 14 0.0 12 0.0 11 0.0 10 0.0 9 0.0 6 0.0 3 0.0 0 0.0  
82 ..\data\texts\latest\001-152255.txt 1 0.4083843529224396 2 0.24587847292423248 13 0.1389543116092682 7 0.13094677031040192 3 0.05982100963592529 9 0.01083372626453638 5 0.0037682524416595697 0 9.420631104148924E-4 14 4.710315552074462E-4 19 0.0 18 0.0 17 0.0 16 0.0 15 0.0 12 0.0 11 0.0 10 0.0 8 0.0 6 0.0 4 0.0  
83 ..\data\texts\latest\001-152259.txt 8 0.4312029182910919 13 0.2623651623725891 2 0.20985141396522522 15 0.054142072796821594 1 0.016079789027571678 14 0.007836352102458477 17 0.007632811088114977 0 0.0055973948910832405 11 0.0021371871698647738 5 0.001323020551353693 19 9.159373003058136E-4 7 5.088540492579341E-4 10 3.0531242373399436E-4 3 1.0177081276196986E-4 18 0.0 16 0.0 12 0.0 9 0.0 6 0.0 4 0.0  
84 ..\data\texts\latest\001-152331.txt 13 0.47989073395729065 9 0.2604340612888336 2 0.13036879897117615 7 0.08210653811693192 15 0.025497039780020714 18 0.013810897246003151 14 0.006526028271764517 5 0.0013659128453582525 19 0.0 17 0.0 16 0.0 12 0.0 11 0.0 10 0.0 8 0.0 6 0.0 4 0.0 3 0.0 1 0.0 0 0.0  
85 ..\data\texts\latest\001-152351.txt 7 0.3617594242095947 19 0.2715439796447754 2 0.1265709102153778 18 0.12253142148256302 13 0.10098743438720703 17 0.01391382422298193 3 0.0017953321803361177 16 4.4883304508402944E-4 14 4.4883304508402944E-4 15 0.0 12 0.0 11 0.0 10 0.0 9 0.0 8 0.0 6 0.0 5 0.0 4 0.0 1 0.0 0 0.0  
86 ..\data\texts\latest\001-152382.txt 4 0.33512118458747864 2 0.20282082259655 12 0.1396503746509552 13 0.12872467935085297 7 0.09137862175703049 10 0.041716329753398895 0 0.03396901115775108 17 0.013905443251132965 1 0.012713547796010971 19 0.0 18 0.0 16 0.0 15 0.0 14 0.0 11 0.0 9 0.0 8 0.0 6 0.0 5 0.0 3 0.0  
87 ..\data\texts\latest\001-152416.txt 13 0.36621928215026855 10 0.2323514074087143 2 0.18441694974899292 7 0.09970367699861526 17 0.03398989140987396 19 0.03120097704231739 16 0.03050374798476696 9 0.013770263642072678 14 0.007495206780731678 5 3.4861426684074104E-4 18 0.0 15 0.0 12 0.0 11 0.0 8 0.0 6 0.0 4 0.0 3 0.0 1 0.0 0 0.0  
88 ..\data\texts\latest\001-152422.txt 12 0.4883231222629547 2 0.24310873448848724 13 0.1311255693435669 7 0.06795559078454971 1 0.05053598806262016 0 0.007465543691068888 3 0.004402756690979004 14 0.003637059824541211 15 0.0028713629581034184 5 3.8284840411506593E-4 16 1.9142420205753297E-4 19 0.0 18 0.0 17 0.0 11 0.0 10 0.0 9 0.0 8 0.0 6 0.0 4 0.0  
89 ..\data\texts\latest\001-152425.txt 7 0.28513070940971375 2 0.26552286744117737 12 0.24918299913406372 10 0.11764705926179886 13 0.057189542800188065 0 0.013888888992369175 8 0.0049019609577953815 5 0.0024509804788976908 4 0.0024509804788976908 11 0.0016339869471266866 19 0.0 18 0.0 17 0.0 16 0.0 15 0.0 14 0.0 9 0.0 6 0.0 3 0.0 1 0.0  
90 ..\data\texts\latest\001-152427.txt 12 0.4888888895511627 2 0.20704607665538788 7 0.16802167892456055 13 0.09756097197532654 1 0.024390242993831635 4 0.008130080997943878 14 0.00325203244574368 19 0.00162601622287184 16 0.0010840108152478933 18 0.0 17 0.0 15 0.0 11 0.0 10 0.0 9 0.0 8 0.0 6 0.0 5 0.0 3 0.0 0 0.0  
91 ..\data\texts\latest\001-152593.txt 5 0.4252607226371765 2 0.23435689508914948 13 0.1813441514968872 7 0.09443800896406174 11 0.029837775975465775 3 0.010718423873186111 10 0.010428736917674541 1 0.007821552455425262 18 0.004924681503325701 12 5.793742602691054E-4 0 2.896871301345527E-4 19 0.0 17 0.0 16 0.0 15 0.0 14 0.0 9 0.0 8 0.0 6 0.0 4 0.0  
92 ..\data\texts\latest\001-152595.txt 5 0.3653585910797119 2 0.2731490433216095 13 0.11463367193937302 17 0.08699014037847519 8 0.0854436531662941 7 0.07442490011453629 19 0.0 18 0.0 16 0.0 15 0.0 14 0.0 12 0.0 11 0.0 10 0.0 9 0.0 6 0.0 4 0.0 3 0.0 1 0.0 0 0.0  
93 ..\data\texts\latest\001-152597.txt 2 0.29872390627861023 13 0.16879349946975708 7 0.15197215974330902 12 0.10266821086406708 6 0.08700696378946304 8 0.04640371352434158 1 0.041183292865753174 19 0.03944315388798714 14 0.02494199573993683 5 0.021461717784404755 10 0.016241298988461494 17 0.0011600927682593465 18 0.0 16 0.0 15 0.0 11 0.0 9 0.0 4 0.0 3 0.0 0 0.0  
94 ..\data\texts\latest\001-152598.txt 2 0.2850804328918457 13 0.23100388050079346 8 0.17359955608844757 7 0.13588464260101318 5 0.06960621476173401 1 0.035773709416389465 3 0.021907931193709373 10 0.021353300660848618 18 0.013588463887572289 4 0.01220188569277525 19 0.0 17 0.0 16 0.0 15 0.0 14 0.0 12 0.0 11 0.0 9 0.0 6 0.0 0 0.0  
95 ..\data\texts\latest\001-152600.txt 4 0.3962096571922302 2 0.2454841583967209 8 0.14480307698249817 13 0.13295824825763702 14 0.057447437196969986 7 0.0103642288595438 3 0.007699141278862953 1 0.002368966583162546 5 0.0014806040562689304 10 0.001184483291581273 19 0.0 18 0.0 17 0.0 16 0.0 15 0.0 12 0.0 11 0.0 9 0.0 6 0.0 0 0.0  
96 ..\data\texts\latest\001-152601.txt 5 0.26892489194869995 4 0.24270986020565033 13 0.21531663835048676 2 0.17938144505023956 7 0.09337260574102402 3 2.9455081676132977E-4 19 0.0 18 0.0 17 0.0 16 0.0 15 0.0 14 0.0 12 0.0 11 0.0 10 0.0 9 0.0 8 0.0 6 0.0 1 0.0 0 0.0  
97 ..\data\texts\latest\001-152624.txt 18 0.3095238208770752 7 0.24955908954143524 13 0.2023809552192688 2 0.18827161192893982 19 0.03086419776082039 3 0.018518518656492233 17 4.4091709423810244E-4 1 4.4091709423810244E-4 16 0.0 15 0.0 14 0.0 12 0.0 11 0.0 10 0.0 9 0.0 8 0.0 6 0.0 5 0.0 4 0.0 0 0.0  
98 ..\data\texts\latest\001-152625.txt 1 0.31494587659835815 2 0.19733555614948273 17 0.12968359887599945 13 0.11469608545303345 7 0.08930058032274246 5 0.060158200562000275 8 0.03601165860891342 0 0.03434637933969498 3 0.022481266409158707 15 4.1631972999311984E-4 9 4.1631972999311984E-4 14 2.0815986499655992E-4 19 0.0 18 0.0 16 0.0 12 0.0 11 0.0 10 0.0 6 0.0 4 0.0  
99 ..\data\texts\latest\001-152626.txt 7 0.4312617778778076 17 0.4143126308917999 2 0.11581920832395554 13 0.025423727929592133 5 0.012241054326295853 3 9.416195680387318E-4 19 0.0 18 0.0 16 0.0 15 0.0 14 0.0 12 0.0 11 0.0 10 0.0 9 0.0 8 0.0 6 0.0 4 0.0 1 0.0 0 0.0  
100 ..\data\texts\latest\001-152633.txt 7 0.9334442615509033 2 0.026622295379638672 18 0.014975041151046753 13 0.014975041151046753 3 0.006655573844909668 4 0.001663893461227417 1 0.001663893461227417 19 0.0 17 0.0 16 0.0 15 0.0 14 0.0 12 0.0 11 0.0 10 0.0 9 0.0 8 0.0 6 0.0 5 0.0 0 0.0  
101 ..\data\texts\latest\001-152635.txt 7 0.8226527571678162 13 0.06855439394712448 2 0.06110282987356186 18 0.046199701726436615 17 0.001490312977693975 19 0.0 16 0.0 15 0.0 14 0.0 12 0.0 11 0.0 10 0.0 9 0.0 8 0.0 6 0.0 5 0.0 4 0.0 3 0.0 1 0.0 0 0.0  
102 ..\data\texts\latest\001-152655.txt 2 0.25822123885154724 15 0.18871450424194336 13 0.15433482825756073 16 0.14424514770507812 7 0.07548580318689346 6 0.0631539598107338 12 0.05306427553296089 1 0.03811659291386604 0 0.020926756784319878 3 0.003736920887604356 19 0.0 18 0.0 17 0.0 14 0.0 11 0.0 10 0.0 9 0.0 8 0.0 5 0.0 4 0.0  
103 ..\data\texts\latest\001-152693.txt 5 0.542725145816803 2 0.2070823758840561 13 0.15242494642734528 3 0.06004618853330612 7 0.036181677132844925 12 7.698229164816439E-4 0 7.698229164816439E-4 19 0.0 18 0.0 17 0.0 16 0.0 15 0.0 14 0.0 11 0.0 10 0.0 9 0.0 8 0.0 6 0.0 4 0.0 1 0.0  
104 ..\data\texts\latest\001-152711.txt 10 0.4152286946773529 13 0.376061350107193 2 0.14078333973884583 0 0.0243768822401762 7 0.01972062513232231 3 0.017803341150283813 9 0.003834565868601203 11 0.0016433853888884187 19 5.477951490320265E-4 18 0.0 17 0.0 16 0.0 15 0.0 14 0.0 12 0.0 8 0.0 6 0.0 5 0.0 4 0.0 1 0.0  
105 ..\data\texts\latest\001-152724.txt 7 0.28985506296157837 2 0.2539382576942444 5 0.21739129722118378 13 0.1568998098373413 17 0.040327660739421844 1 0.026465028524398804 10 0.015122873708605766 19 0.0 18 0.0 16 0.0 15 0.0 14 0.0 12 0.0 11 0.0 9 0.0 8 0.0 6 0.0 4 0.0 3 0.0 0 0.0  
106 ..\data\texts\latest\001-152726.txt 1 0.46115660667419434 2 0.28170761466026306 13 0.09133780002593994 7 0.05088111013174057 6 0.04219409450888634 5 0.03102506883442402 8 0.016133034601807594 0 0.014892032369971275 9 0.005708612501621246 17 0.004219409078359604 15 7.446016534231603E-4 19 0.0 18 0.0 16 0.0 14 0.0 12 0.0 11 0.0 10 0.0 4 0.0 3 0.0  
107 ..\data\texts\latest\001-152730.txt 17 0.42619210481643677 13 0.20830480754375458 2 0.20191650092601776 15 0.08236368000507355 5 0.06730549782514572 1 0.00844170618802309 7 0.0050193932838737965 19 4.5630845124833286E-4 18 0.0 16 0.0 14 0.0 12 0.0 11 0.0 10 0.0 9 0.0 8 0.0 6 0.0 4 0.0 3 0.0 0 0.0  
108 ..\data\texts\latest\001-152731.txt 14 0.4380859434604645 13 0.2513671815395355 2 0.17656250298023224 7 0.06855468451976776 15 0.06289062649011612 4 0.0015625000232830644 1 3.906250058207661E-4 12 1.9531250291038305E-4 8 1.9531250291038305E-4 0 1.9531250291038305E-4 19 0.0 18 0.0 17 0.0 16 0.0 11 0.0 10 0.0 9 0.0 6 0.0 5 0.0 3 0.0  
109 ..\data\texts\latest\001-152777.txt 17 0.37399494647979736 2 0.19044336676597595 13 0.18240293860435486 7 0.14564667642116547 5 0.027796922251582146 3 0.016080863773822784 18 0.014702503569424152 10 0.013324144296348095 19 0.012864691205322742 1 0.0096485186368227 11 0.007810705341398716 4 0.0029864460229873657 15 0.0013783597387373447 12 9.189064730890095E-4 16 0.0 14 0.0 9 0.0 8 0.0 6 0.0 0 0.0  
110 ..\data\texts\latest\001-152780.txt 7 0.45432499051094055 13 0.2223120480775833 2 0.20937752723693848 15 0.10670977830886841 14 0.004042037297040224 9 0.003233629744499922 19 0.0 18 0.0 17 0.0 16 0.0 12 0.0 11 0.0 10 0.0 8 0.0 6 0.0 5 0.0 4 0.0 3 0.0 1 0.0 0 0.0  
111 ..\data\texts\latest\001-152784.txt 17 0.4816548526287079 13 0.23899291455745697 2 0.16055162250995636 7 0.08653846383094788 15 0.010247975587844849 0 0.007717611268162727 8 0.00531376525759697 5 0.0050607286393642426 1 0.0035425100941210985 10 2.530364436097443E-4 3 1.2651822180487216E-4 19 0.0 18 0.0 16 0.0 14 0.0 12 0.0 11 0.0 9 0.0 6 0.0 4 0.0  
112 ..\data\texts\latest\001-152888.txt 12 0.3697223365306854 2 0.2270825356245041 1 0.20387980341911316 7 0.12666413187980652 13 0.05971852317452431 6 0.00722708273679018 3 0.005705591291189194 19 0.0 18 0.0 17 0.0 16 0.0 15 0.0 14 0.0 11 0.0 10 0.0 9 0.0 8 0.0 5 0.0 4 0.0 0 0.0  
113 ..\data\texts\latest\001-152889.txt 1 0.45828932523727417 2 0.2518479526042938 7 0.1774023175239563 13 0.08500528335571289 5 0.017951425164937973 8 0.005279831122606993 14 0.0036958816926926374 15 5.279831239022315E-4 19 0.0 18 0.0 17 0.0 16 0.0 12 0.0 11 0.0 10 0.0 9 0.0 6 0.0 4 0.0 3 0.0 0 0.0  
114 ..\data\texts\latest\001-152892.txt 2 0.2956898510456085 3 0.2932819724082947 7 0.15217915177345276 13 0.10329882055521011 5 0.1020948737859726 18 0.022393450140953064 9 0.015651335939764977 8 0.005778954830020666 14 0.005297375377267599 17 0.0026486876886337996 10 0.0014447387075051665 0 2.4078978458419442E-4 19 0.0 16 0.0 15 0.0 12 0.0 11 0.0 6 0.0 4 0.0 1 0.0  
115 ..\data\texts\latest\001-152987.txt 6 0.39101192355155945 2 0.26169368624687195 1 0.11892388015985489 7 0.11678385734558105 13 0.08926934003829956 12 0.01803729683160782 17 0.003362885909155011 8 6.114338175393641E-4 3 3.0571690876968205E-4 19 0.0 18 0.0 16 0.0 15 0.0 14 0.0 11 0.0 10 0.0 9 0.0 5 0.0 4 0.0 0 0.0  
116 ..\data\texts\latest\001-152988.txt 3 0.39589664340019226 2 0.19832827150821686 7 0.17591185867786407 13 0.15425531566143036 5 0.05813070014119148 6 0.014057750813663006 19 0.002659574383869767 8 7.598784286528826E-4 18 0.0 17 0.0 16 0.0 15 0.0 14 0.0 12 0.0 11 0.0 10 0.0 9 0.0 4 0.0 1 0.0 0 0.0  
117 ..\data\texts\latest\001-152989.txt 6 0.5374149680137634 2 0.2337987869977951 7 0.14751163125038147 13 0.044754743576049805 5 0.023272467777132988 1 0.01288936659693718 16 3.5803794162347913E-4 19 0.0 18 0.0 17 0.0 15 0.0 14 0.0 12 0.0 11 0.0 10 0.0 9 0.0 8 0.0 4 0.0 3 0.0 0 0.0  
118 ..\data\texts\latest\001-152990.txt 15 0.4269397258758545 13 0.30720755457878113 2 0.16857030987739563 7 0.06262308359146118 16 0.033477745950222015 10 0.0011815675534307957 19 0.0 18 0.0 17 0.0 14 0.0 12 0.0 11 0.0 9 0.0 8 0.0 6 0.0 5 0.0 4 0.0 3 0.0 1 0.0 0 0.0  
119 ..\data\texts\latest\001-153017.txt 13 0.2993393838405609 11 0.2886044681072235 7 0.2279108166694641 2 0.14244426786899567 18 0.036333609372377396 6 0.0033030554186552763 15 0.0016515277093276381 12 4.1288192733190954E-4 19 0.0 17 0.0 16 0.0 14 0.0 10 0.0 9 0.0 8 0.0 5 0.0 4 0.0 3 0.0 1 0.0 0 0.0  
120 ..\data\texts\latest\001-153018.txt 3 0.4581072926521301 2 0.2124774008989334 7 0.17148885130882263 13 0.1190476194024086 15 0.034056659787893295 5 0.0036166366189718246 1 0.0012055455008521676 19 0.0 18 0.0 17 0.0 16 0.0 14 0.0 12 0.0 11 0.0 10 0.0 9 0.0 8 0.0 6 0.0 4 0.0 0 0.0  
121 ..\data\texts\latest\001-153019.txt 5 0.42339110374450684 2 0.21318988502025604 13 0.14564654231071472 8 0.1085873693227768 7 0.0577804334461689 17 0.030085673555731773 1 0.013947001658380032 10 0.004582586232572794 0 0.002390914596617222 9 3.9848574670031667E-4 19 0.0 18 0.0 16 0.0 15 0.0 14 0.0 12 0.0 11 0.0 6 0.0 4 0.0 3 0.0  
122 ..\data\texts\latest\001-153022.txt 2 0.3114100694656372 3 0.16691578924655914 7 0.16193322837352753 1 0.15794718265533447 13 0.06726457178592682 15 0.04434479400515556 12 0.03139013424515724 0 0.02441454865038395 5 0.023418037220835686 8 0.010463378392159939 18 4.982561222277582E-4 19 0.0 17 0.0 16 0.0 14 0.0 11 0.0 10 0.0 9 0.0 6 0.0 4 0.0  
123 ..\data\texts\latest\001-153025.txt 1 0.39656129479408264 2 0.23738214373588562 7 0.1963394284248352 13 0.08541320264339447 6 0.048807542771101 3 0.027176927775144577 8 0.008319467306137085 19 0.0 18 0.0 17 0.0 16 0.0 15 0.0 14 0.0 12 0.0 11 0.0 10 0.0 9 0.0 5 0.0 4 0.0 0 0.0  
124 ..\data\texts\latest\001-153027.txt 8 0.299394816160202 2 0.2613029479980469 13 0.13029548525810242 7 0.11213955283164978 12 0.06514774262905121 1 0.04022783786058426 17 0.03773584961891174 6 0.030615877360105515 3 0.022427910938858986 10 7.119971560314298E-4 19 0.0 18 0.0 16 0.0 15 0.0 14 0.0 11 0.0 9 0.0 5 0.0 4 0.0 0 0.0  
125 ..\data\texts\latest\001-153134.txt 13 0.4150601327419281 11 0.3392651081085205 2 0.13939693570137024 8 0.09441423416137695 9 0.005931784398853779 10 0.0047783819027245045 5 6.590871489606798E-4 19 3.295435744803399E-4 1 1.6477178724016994E-4 18 0.0 17 0.0 16 0.0 15 0.0 14 0.0 12 0.0 7 0.0 6 0.0 4 0.0 3 0.0 0 0.0  
126 ..\data\texts\latest\001-153307.txt 7 0.36447638273239136 13 0.2186858355998993 10 0.14784394204616547 16 0.14681725203990936 2 0.06981519609689713 0 0.04517453908920288 5 0.00718685844913125 19 0.0 18 0.0 17 0.0 15 0.0 14 0.0 12 0.0 11 0.0 9 0.0 8 0.0 6 0.0 4 0.0 3 0.0 1 0.0  
127 ..\data\texts\latest\001-153308.txt 13 0.30574488639831543 10 0.2994157671928406 2 0.27750730514526367 7 0.054527752101421356 1 0.033592987805604935 12 0.02677701972424984 11 0.0014605647884309292 5 9.737098589539528E-4 19 0.0 18 0.0 17 0.0 16 0.0 15 0.0 14 0.0 9 0.0 8 0.0 6 0.0 4 0.0 3 0.0 0 0.0  
128 ..\data\texts\latest\001-153312.txt 13 0.37415701150894165 2 0.2131103277206421 3 0.20393849909305573 9 0.17750202119350433 7 0.015106555074453354 5 0.007823037914931774 4 0.0035068788565695286 1 0.002158079296350479 17 0.0010790396481752396 8 8.092797361314297E-4 6 5.395198240876198E-4 16 2.697599120438099E-4 19 0.0 18 0.0 15 0.0 14 0.0 12 0.0 11 0.0 10 0.0 0 0.0  
129 ..\data\texts\latest\001-153315.txt 14 0.5515285134315491 2 0.1566341072320938 13 0.1049479991197586 15 0.09045067429542542 7 0.09013551473617554 0 0.0022061141207814217 11 0.0015757958171889186 3 0.0015757958171889186 8 9.454774553887546E-4 19 0.0 18 0.0 17 0.0 16 0.0 12 0.0 10 0.0 9 0.0 6 0.0 5 0.0 4 0.0 1 0.0  
130 ..\data\texts\latest\001-153316.txt 13 0.28746744990348816 7 0.275939017534256 15 0.24767571687698364 2 0.1751580536365509 9 0.007809594739228487 16 0.002603198168799281 18 0.0018594273133203387 10 7.437709136866033E-4 12 3.7188545684330165E-4 3 3.7188545684330165E-4 19 0.0 17 0.0 14 0.0 11 0.0 8 0.0 6 0.0 5 0.0 4 0.0 1 0.0 0 0.0  
131 ..\data\texts\latest\001-153317.txt 13 0.2870829105377197 16 0.21176081895828247 15 0.19623389840126038 7 0.17707301676273346 2 0.10472414642572403 18 0.0165180042386055 1 0.004955401178449392 5 0.0016518004704266787 19 0.0 17 0.0 14 0.0 12 0.0 11 0.0 10 0.0 9 0.0 8 0.0 6 0.0 4 0.0 3 0.0 0 0.0  
132 ..\data\texts\latest\001-153319.txt 11 0.24268077313899994 2 0.19470898807048798 13 0.18906526267528534 4 0.12557318806648254 14 0.09312169253826141 0 0.06419753283262253 19 0.02469135820865631 7 0.021869488060474396 8 0.017283950001001358 17 0.013403880409896374 5 0.007760141044855118 15 0.004585538059473038 18 0.0010582010727375746 16 0.0 12 0.0 10 0.0 9 0.0 6 0.0 3 0.0 1 0.0  
133 ..\data\texts\latest\001-153349.txt 1 0.37504199147224426 2 0.2831709682941437 3 0.1296607255935669 13 0.09271078556776047 7 0.06902922689914703 8 0.02300974167883396 12 0.009741350077092648 5 0.009573396295309067 14 0.007725898642092943 18 3.3590864040888846E-4 19 0.0 17 0.0 16 0.0 15 0.0 11 0.0 10 0.0 9 0.0 6 0.0 4 0.0 0 0.0  
134 ..\data\texts\latest\001-153350.txt 8 0.4291653335094452 2 0.2225775569677353 7 0.1400703489780426 13 0.07387272268533707 5 0.0620402954518795 0 0.03006076067686081 3 0.023025263100862503 17 0.017588743939995766 4 0.0012791813351213932 10 3.197953337803483E-4 19 0.0 18 0.0 16 0.0 15 0.0 14 0.0 12 0.0 11 0.0 9 0.0 6 0.0 1 0.0  
135 ..\data\texts\latest\001-153351.txt 1 0.4961340129375458 2 0.2786726951599121 13 0.0914948433637619 7 0.07313144207000732 3 0.024162370711565018 9 0.020940721035003662 12 0.005798968952149153 6 0.0035438144113868475 8 0.002577319508418441 15 0.0022551545407623053 5 0.0012886597542092204 19 0.0 18 0.0 17 0.0 16 0.0 14 0.0 11 0.0 10 0.0 4 0.0 0 0.0  
136 ..\data\texts\latest\001-153352.txt 5 0.3955249488353729 2 0.3001721203327179 7 0.1363167017698288 13 0.12495697289705276 1 0.03132530301809311 3 0.009294319897890091 17 0.002065404551103711 8 3.442340821493417E-4 19 0.0 18 0.0 16 0.0 15 0.0 14 0.0 12 0.0 11 0.0 10 0.0 9 0.0 6 0.0 4 0.0 0 0.0  
137 ..\data\texts\latest\001-153353.txt 6 0.5505004525184631 2 0.24325144290924072 7 0.12071580439805984 13 0.07946617901325226 1 0.00424628471955657 17 0.001516530173830688 15 3.033060347661376E-4 19 0.0 18 0.0 16 0.0 14 0.0 12 0.0 11 0.0 10 0.0 9 0.0 8 0.0 5 0.0 4 0.0 3 0.0 0 0.0  
138 ..\data\texts\latest\001-153361.txt 4 0.32028084993362427 13 0.24439643323421478 2 0.14798811078071594 8 0.10477990657091141 9 0.06589251756668091 14 0.0653524175286293 11 0.03213610500097275 7 0.009991898201406002 0 0.007561436854302883 5 8.10153956990689E-4 6 5.401025991886854E-4 12 2.700512995943427E-4 19 0.0 18 0.0 17 0.0 16 0.0 15 0.0 10 0.0 3 0.0 1 0.0  
139 ..\data\texts\latest\001-153472.txt 2 0.24018189311027527 5 0.2021496444940567 8 0.16411741077899933 7 0.15336915850639343 13 0.1504753977060318 1 0.05456800386309624 3 0.030177759006619453 17 0.002480363706126809 19 0.0012401818530634046 11 0.0012401818530634046 18 0.0 16 0.0 15 0.0 14 0.0 12 0.0 10 0.0 9 0.0 6 0.0 4 0.0 0 0.0  
140 ..\data\texts\latest\001-153474.txt 9 0.5647668242454529 13 0.22251006960868835 2 0.1479562520980835 3 0.029073115438222885 1 0.01957397721707821 0 0.00805987324565649 8 0.007484168279916048 18 5.757052567787468E-4 19 0.0 17 0.0 16 0.0 15 0.0 14 0.0 12 0.0 11 0.0 10 0.0 7 0.0 6 0.0 5 0.0 4 0.0  
141 ..\data\texts\latest\001-153476.txt 7 0.3986014127731323 16 0.2377622425556183 2 0.17307692766189575 13 0.14160838723182678 18 0.03146853297948837 15 0.012237762100994587 14 0.004370629321783781 11 8.741258643567562E-4 19 0.0 17 0.0 12 0.0 10 0.0 9 0.0 8 0.0 6 0.0 5 0.0 4 0.0 3 0.0 1 0.0 0 0.0  
142 ..\data\texts\latest\001-153477.txt 7 0.9166666865348816 13 0.040740739554166794 2 0.035185184329748154 18 0.007407407276332378 19 0.0 17 0.0 16 0.0 15 0.0 14 0.0 12 0.0 11 0.0 10 0.0 9 0.0 8 0.0 6 0.0 5 0.0 4 0.0 3 0.0 1 0.0 0 0.0  
143 ..\data\texts\latest\001-153480.txt 4 0.4220893383026123 2 0.27682027220726013 13 0.10763277858495712 5 0.0914526879787445 14 0.056630320847034454 11 0.020400984212756157 7 0.017938796430826187 18 0.003165669972077012 1 0.003165669972077012 12 7.034822483547032E-4 19 0.0 17 0.0 16 0.0 15 0.0 10 0.0 9 0.0 8 0.0 6 0.0 3 0.0 0 0.0  
144 ..\data\texts\latest\001-153481.txt 16 0.3455217778682709 2 0.275677889585495 15 0.096548892557621 13 0.08874280750751495 6 0.08874280750751495 1 0.05053409934043884 12 0.0468364842236042 3 0.004930156283080578 0 0.0012325390707701445 14 8.216926944442093E-4 10 4.1084634722210467E-4 19 0.0 18 0.0 17 0.0 11 0.0 9 0.0 8 0.0 7 0.0 5 0.0 4 0.0  
145 ..\data\texts\latest\001-153518.txt 5 0.3498680591583252 13 0.27387863397598267 2 0.2174142450094223 7 0.08284960687160492 0 0.03218997269868851 14 0.02216358855366707 3 0.011081794276833534 4 0.006332453805953264 11 0.0021108179353177547 19 5.277044838294387E-4 15 5.277044838294387E-4 8 5.277044838294387E-4 1 5.277044838294387E-4 18 0.0 17 0.0 16 0.0 12 0.0 10 0.0 9 0.0 6 0.0  
146 ..\data\texts\latest\001-153760.txt 7 0.4271070659160614 13 0.2773348391056061 18 0.20728929340839386 2 0.06605922430753708 0 0.015375854447484016 11 0.00569476094096899 5 5.694761057384312E-4 3 5.694761057384312E-4 19 0.0 17 0.0 16 0.0 15 0.0 14 0.0 12 0.0 10 0.0 9 0.0 8 0.0 6 0.0 4 0.0 1 0.0  
147 ..\data\texts\latest\001-153761.txt 7 0.6715517044067383 18 0.1681034415960312 13 0.10517241060733795 2 0.0517241396009922 5 0.0025862068869173527 8 8.620689623057842E-4 19 0.0 17 0.0 16 0.0 15 0.0 14 0.0 12 0.0 11 0.0 10 0.0 9 0.0 6 0.0 4 0.0 3 0.0 1 0.0 0 0.0  
148 ..\data\texts\latest\001-153764.txt 7 0.7385774850845337 2 0.1092793196439743 13 0.05416863039135933 9 0.030146019533276558 1 0.020725388079881668 17 0.020254356786608696 16 0.01648610457777977 11 0.006594441831111908 10 0.0037682524416595697 19 0.0 18 0.0 15 0.0 14 0.0 12 0.0 8 0.0 6 0.0 5 0.0 4 0.0 3 0.0 0 0.0  
149 ..\data\texts\latest\001-153767.txt 7 0.6826863884925842 13 0.19223660230636597 2 0.07147258520126343 18 0.046826865524053574 3 0.0036968577187508345 4 0.003080714726820588 19 0.0 17 0.0 16 0.0 15 0.0 14 0.0 12 0.0 11 0.0 10 0.0 9 0.0 8 0.0 6 0.0 5 0.0 1 0.0 0 0.0  
150 ..\data\texts\latest\001-153769.txt 3 0.3667653501033783 2 0.1883789747953415 13 0.1509992629289627 7 0.1247224286198616 17 0.10066617280244827 6 0.02849740907549858 1 0.022575870156288147 12 0.014803849160671234 18 0.0018504811450839043 11 7.401924231089652E-4 19 0.0 16 0.0 15 0.0 14 0.0 10 0.0 9 0.0 8 0.0 5 0.0 4 0.0 0 0.0  
151 ..\data\texts\latest\001-153770.txt 4 0.33608710765838623 13 0.2790086269378662 2 0.22305670380592346 8 0.12279383838176727 14 0.01239203941076994 5 0.0105144577100873 11 0.00751032680273056 7 0.00525722885504365 3 0.00187758170068264 19 7.510326686315238E-4 1 7.510326686315238E-4 18 0.0 17 0.0 16 0.0 15 0.0 12 0.0 10 0.0 9 0.0 6 0.0 0 0.0  
152 ..\data\texts\latest\001-153801.txt 6 0.40256670117378235 2 0.24890239536762238 7 0.12934818863868713 13 0.07902735471725464 1 0.06416751444339752 12 0.05369807407259941 8 0.013508949428796768 5 0.006079027429223061 11 0.0020263425540179014 10 3.377237298991531E-4 9 3.377237298991531E-4 19 0.0 18 0.0 17 0.0 16 0.0 15 0.0 14 0.0 4 0.0 3 0.0 0 0.0  
153 ..\data\texts\latest\001-153803.txt 10 0.5010455846786499 13 0.16478461027145386 2 0.15809284150600433 7 0.10037641227245331 3 0.0572982020676136 6 0.007946466095745564 14 0.006273525767028332 15 0.00334588042460382 12 4.182350530754775E-4 0 4.182350530754775E-4 19 0.0 18 0.0 17 0.0 16 0.0 11 0.0 9 0.0 8 0.0 5 0.0 4 0.0 1 0.0  
154 ..\data\texts\latest\001-153804.txt 5 0.4968253970146179 2 0.2361111044883728 13 0.18095238506793976 7 0.08611111342906952 19 0.0 18 0.0 17 0.0 16 0.0 15 0.0 14 0.0 12 0.0 11 0.0 10 0.0 9 0.0 8 0.0 6 0.0 4 0.0 3 0.0 1 0.0 0 0.0  
155 ..\data\texts\latest\001-153812.txt 14 0.42168208956718445 7 0.20910494029521942 2 0.1766975373029709 13 0.14699074625968933 15 0.012731481343507767 11 0.0069444444961845875 3 0.005787036847323179 10 0.004629629664123058 0 0.004629629664123058 16 0.0038580247201025486 5 0.0034722222480922937 8 0.003086419776082039 1 3.8580247201025486E-4 19 0.0 18 0.0 17 0.0 12 0.0 9 0.0 6 0.0 4 0.0  
156 ..\data\texts\latest\001-153901.txt 0 0.38793468475341797 13 0.22743040323257446 2 0.17548015713691711 1 0.10195448249578476 7 0.04924274608492851 12 0.029528724029660225 17 0.00947626680135727 9 0.006176495458930731 14 0.004061257466673851 10 0.003299771575257182 8 0.003130552591755986 3 0.0021998477168381214 5 8.460952813038602E-5 19 0.0 18 0.0 16 0.0 15 0.0 11 0.0 6 0.0 4 0.0  
157 ..\data\texts\latest\001-153904.txt 5 0.3813559412956238 2 0.22215496003627777 7 0.15193705260753632 13 0.1283292919397354 1 0.10532687604427338 3 0.010290556587278843 0 6.053269025869668E-4 19 0.0 18 0.0 17 0.0 16 0.0 15 0.0 14 0.0 12 0.0 11 0.0 10 0.0 9 0.0 8 0.0 6 0.0 4 0.0  
158 ..\data\texts\latest\001-153905.txt 5 0.5974251627922058 2 0.20876826345920563 13 0.08907446265220642 7 0.060890745371580124 6 0.026443980634212494 1 0.016701461747288704 14 6.958942394703627E-4 19 0.0 18 0.0 17 0.0 16 0.0 15 0.0 12 0.0 11 0.0 10 0.0 9 0.0 8 0.0 4 0.0 3 0.0 0 0.0  
159 ..\data\texts\latest\001-153906.txt 6 0.512134850025177 2 0.26651686429977417 13 0.07752808928489685 7 0.06337078660726547 1 0.057752810418605804 5 0.013258427381515503 12 0.009213482961058617 10 2.2471910051535815E-4 19 0.0 18 0.0 17 0.0 16 0.0 15 0.0 14 0.0 11 0.0 9 0.0 8 0.0 4 0.0 3 0.0 0 0.0  
